2.214304171502590179e-02
3.942964226007461548e-02
5.141041427850723267e-02
5.350493639707565308e-02
3.828223794698715210e-02
3.639450669288635254e-02
2.430814504623413086e-02
1.363917440176010132e-02
-7.802678272128105164e-03
-4.802248626947402954e-02
-7.718706130981445312e-02
-1.126423999667167664e-01
-1.507098674774169922e-01
-2.041362076997756958e-01
-2.417195439338684082e-01
-2.726110816001892090e-01
-3.355742394924163818e-01
-3.680489063262939453e-01
-4.078807830810546875e-01
-4.408814013004302979e-01
-4.650274217128753662e-01
-5.097463726997375488e-01
-5.282792448997497559e-01
-5.491697788238525391e-01
-5.753139257431030273e-01
-5.965055823326110840e-01
-6.298529505729675293e-01
-6.408652067184448242e-01
-6.719973087310791016e-01
-6.899699568748474121e-01
-7.075718641281127930e-01
-7.455897331237792969e-01
-7.757821083068847656e-01
-7.917329072952270508e-01
-8.078706264495849609e-01
-8.211181163787841797e-01
-8.264614939689636230e-01
-8.402823805809020996e-01
-8.528718352317810059e-01
-8.560568094253540039e-01
-8.738788366317749023e-01
-8.851953148841857910e-01
-8.891096115112304688e-01
-9.135028123855590820e-01
-9.143224954605102539e-01
-9.259409904479980469e-01
-9.371014833450317383e-01
-9.388774633407592773e-01
-9.402981400489807129e-01
-9.477782845497131348e-01
-9.598098397254943848e-01
-9.600504040718078613e-01
-9.552273750305175781e-01
-9.616506099700927734e-01
-9.702762365341186523e-01
-9.787078499794006348e-01
-9.838870167732238770e-01
-9.692793488502502441e-01
-9.634333252906799316e-01
-9.549263715744018555e-01
-9.324977397918701172e-01
-9.410461783409118652e-01
-9.343985319137573242e-01
-9.100261926651000977e-01
-8.956153392791748047e-01
-8.904719948768615723e-01
-8.862651586532592773e-01
-8.804932236671447754e-01
-8.630741834640502930e-01
-8.381813168525695801e-01
-8.304757475852966309e-01
-8.251360654830932617e-01
-8.212609291076660156e-01
-8.319060206413269043e-01
-8.269061446189880371e-01
-8.260748386383056641e-01
-8.226152658462524414e-01
-8.030684590339660645e-01
-7.951421141624450684e-01
-7.857366800308227539e-01
-7.830704450607299805e-01
-7.721000909805297852e-01
-7.700845003128051758e-01
-7.852535843849182129e-01
-7.848328351974487305e-01
-7.847915887832641602e-01
-7.915688753128051758e-01
-8.013887405395507812e-01
-8.040532469749450684e-01
-8.086032867431640625e-01
-8.153810501098632812e-01
-8.141658902168273926e-01
-7.998234033584594727e-01
-8.017734885215759277e-01
-7.957019805908203125e-01
-7.893223762512207031e-01
-7.879381775856018066e-01
-7.881268858909606934e-01
-7.756832838058471680e-01
-7.675511837005615234e-01
-7.597163915634155273e-01
-7.400646209716796875e-01
-7.223020195960998535e-01
-7.244836688041687012e-01
-7.207050919532775879e-01
-7.220060825347900391e-01
-7.191168665885925293e-01
-7.275526523590087891e-01
-7.243590354919433594e-01
-7.277997732162475586e-01
-7.288501262664794922e-01
-7.308776378631591797e-01
-7.229941487312316895e-01
-7.217040657997131348e-01
-7.253164052963256836e-01
-7.293508052825927734e-01
-7.192108631134033203e-01
-7.249021530151367188e-01
-7.232586145401000977e-01
-7.096203565597534180e-01
-7.093352079391479492e-01
-7.056657671928405762e-01
-7.148963212966918945e-01
-7.188355326652526855e-01
-7.156322002410888672e-01
-7.264087200164794922e-01
-7.316222786903381348e-01
-7.214019298553466797e-01
-7.071386575698852539e-01
-7.131403088569641113e-01
-7.107314467430114746e-01
-6.934529542922973633e-01
-6.894317865371704102e-01
-6.860623955726623535e-01
-6.795766949653625488e-01
-6.685043573379516602e-01
-6.677188873291015625e-01
-6.788446903228759766e-01
-6.753184795379638672e-01
-6.670132875442504883e-01
-6.623059511184692383e-01
-6.517233252525329590e-01
-6.517804861068725586e-01
-6.552799940109252930e-01
-6.598727107048034668e-01
-6.513828635215759277e-01
-6.384011507034301758e-01
-6.263989806175231934e-01
-6.177489757537841797e-01
-6.148660182952880859e-01
-6.196484565734863281e-01
-6.161498427391052246e-01
-6.215776801109313965e-01
-6.300582885742187500e-01
-6.489972472190856934e-01
-6.424459218978881836e-01
-6.543419361114501953e-01
-6.522022485733032227e-01
-6.507266163825988770e-01
-6.414472460746765137e-01
-6.294590234756469727e-01
-6.253326535224914551e-01
-6.350569128990173340e-01
-6.429522037506103516e-01
-6.456279754638671875e-01
-6.356638669967651367e-01
-6.405081748962402344e-01
-6.345533728599548340e-01
-6.293900012969970703e-01
-6.308063268661499023e-01
-6.045914888381958008e-01
-5.899996757507324219e-01
-5.645863413810729980e-01
-5.507269501686096191e-01
-5.400905609130859375e-01
-5.286904573440551758e-01
-5.141333341598510742e-01
-4.846206307411193848e-01
-4.693390130996704102e-01
-4.516179859638214111e-01
-4.488205611705780029e-01
-4.402648210525512695e-01
-4.384858310222625732e-01
-4.278933107852935791e-01
-4.019614458084106445e-01
-3.876604139804840088e-01
-3.576669692993164062e-01
-3.370597660541534424e-01
-3.229833543300628662e-01
-3.064972758293151855e-01
-2.901955246925354004e-01
-2.688709497451782227e-01
-2.624258399009704590e-01
-2.510015070438385010e-01
-2.469569146633148193e-01
-2.335823476314544678e-01
-2.109761387109756470e-01
-1.929745078086853027e-01
-1.644674092531204224e-01
-1.418492794036865234e-01
-1.167913600802421570e-01
-8.164642751216888428e-02
-6.928785145282745361e-02
-3.511530160903930664e-02
-1.636211015284061432e-02
2.666934393346309662e-03
1.127771195024251938e-02
3.228423744440078735e-02
5.972310155630111694e-02
8.975631743669509888e-02
1.194714903831481934e-01
1.398000568151473999e-01
1.632790714502334595e-01
1.929978430271148682e-01
2.209740728139877319e-01
2.518303394317626953e-01
2.658886611461639404e-01
2.879081070423126221e-01
3.084720671176910400e-01
3.217992782592773438e-01
3.451562821865081787e-01
3.721828758716583252e-01
3.961469233036041260e-01
4.214853644371032715e-01
4.376776814460754395e-01
4.602625668048858643e-01
4.781412482261657715e-01
4.976785480976104736e-01
5.213644504547119141e-01
5.338329076766967773e-01
5.605382919311523438e-01
5.901483297348022461e-01
6.132225990295410156e-01
6.419839859008789062e-01
6.764377355575561523e-01
7.203916907310485840e-01
7.598819732666015625e-01
7.981492877006530762e-01
8.296370506286621094e-01
8.704470992088317871e-01
9.088691473007202148e-01
9.374112486839294434e-01
9.736905694007873535e-01
9.952020645141601562e-01
1.016834259033203125e+00
1.032051086425781250e+00
1.065159201622009277e+00
1.077338576316833496e+00
1.087852001190185547e+00
1.105390548706054688e+00
1.112486004829406738e+00
1.118375062942504883e+00
1.119937300682067871e+00
1.135268092155456543e+00
1.145228743553161621e+00
1.160136103630065918e+00
1.165254950523376465e+00
1.176894068717956543e+00
1.192644000053405762e+00
1.216191768646240234e+00
1.229476571083068848e+00
1.234680294990539551e+00
1.246982932090759277e+00
1.254263162612915039e+00
1.270249366760253906e+00
1.282262206077575684e+00
1.297824382781982422e+00
1.308727025985717773e+00
1.332056045532226562e+00
1.347760677337646484e+00
1.344620943069458008e+00
1.360271334648132324e+00
1.356369972229003906e+00
1.359953165054321289e+00
1.350690960884094238e+00
1.355509996414184570e+00
1.365606427192687988e+00
1.371735930442810059e+00
1.374688744544982910e+00
1.372226476669311523e+00
1.365615487098693848e+00
1.375047445297241211e+00
1.379457831382751465e+00
1.379465460777282715e+00
1.395406126976013184e+00
1.400219798088073730e+00
1.409405469894409180e+00
1.417827725410461426e+00
1.412825226783752441e+00
1.409728050231933594e+00
1.411559700965881348e+00
1.414734601974487305e+00
1.418027877807617188e+00
1.416700720787048340e+00
1.409265398979187012e+00
1.410870909690856934e+00
1.419593930244445801e+00
1.421392917633056641e+00
1.423093318939208984e+00
1.416785478591918945e+00
1.406433582305908203e+00
1.394951581954956055e+00
1.403071522712707520e+00
1.399455547332763672e+00
1.402251482009887695e+00
1.402387499809265137e+00
1.389640212059020996e+00
1.390510559082031250e+00
1.397945165634155273e+00
1.389172434806823730e+00
1.380130529403686523e+00
1.372562170028686523e+00
1.376667737960815430e+00
1.371904015541076660e+00
1.372188091278076172e+00
1.377530217170715332e+00
1.363310098648071289e+00
1.357397437095642090e+00
1.352332830429077148e+00
1.350864410400390625e+00
1.350592970848083496e+00
1.345606327056884766e+00
1.339637756347656250e+00
1.341387629508972168e+00
1.337123274803161621e+00
1.337237834930419922e+00
1.336168766021728516e+00
1.335569262504577637e+00
1.330363273620605469e+00
1.341168880462646484e+00
1.335944414138793945e+00
1.331229567527770996e+00
1.338243484497070312e+00
1.334420680999755859e+00
1.329529047012329102e+00
1.324521422386169434e+00
1.318644762039184570e+00
1.316822528839111328e+00
1.303288817405700684e+00
1.301954507827758789e+00
1.301964282989501953e+00
1.286644697189331055e+00
1.284775614738464355e+00
1.282160997390747070e+00
1.269638776779174805e+00
1.265434503555297852e+00
1.258148670196533203e+00
1.267870783805847168e+00
1.259225726127624512e+00
1.245932579040527344e+00
1.242145538330078125e+00
1.231285810470581055e+00
1.223438262939453125e+00
1.218986988067626953e+00
1.216677546501159668e+00
1.211916804313659668e+00
1.207603931427001953e+00
1.195588350296020508e+00
1.194744944572448730e+00
1.187096238136291504e+00
1.175866484642028809e+00
1.167171001434326172e+00
1.158204436302185059e+00
1.165946602821350098e+00
1.169214129447937012e+00
1.166594862937927246e+00
1.162387847900390625e+00
1.155173182487487793e+00
1.145969748497009277e+00
1.147878766059875488e+00
1.148182511329650879e+00
1.148475408554077148e+00
1.149821519851684570e+00
1.149254322052001953e+00
1.143733739852905273e+00
1.145417809486389160e+00
1.138744831085205078e+00
1.136835336685180664e+00
1.140200376510620117e+00
1.137816071510314941e+00
1.142553687095642090e+00
1.139060497283935547e+00
1.136168599128723145e+00
1.127136707305908203e+00
1.122450947761535645e+00
1.112083554267883301e+00
1.115202426910400391e+00
1.109194517135620117e+00
1.105997085571289062e+00
1.096637129783630371e+00
1.099917173385620117e+00
1.080470561981201172e+00
1.080583333969116211e+00
1.080663681030273438e+00
1.064961194992065430e+00
1.056019306182861328e+00
1.035767316818237305e+00
1.032673954963684082e+00
1.024858474731445312e+00
1.014700174331665039e+00
1.006216049194335938e+00
1.000105381011962891e+00
9.886093139648437500e-01
9.768702387809753418e-01
9.736926555633544922e-01
9.588990807533264160e-01
9.424391984939575195e-01
9.345000982284545898e-01
9.233634471893310547e-01
9.093805551528930664e-01
8.864894509315490723e-01
8.728513121604919434e-01
8.662975430488586426e-01
8.578454852104187012e-01
8.464114665985107422e-01
8.483539223670959473e-01
8.474605083465576172e-01
8.267995119094848633e-01
8.073313832283020020e-01
7.972632050514221191e-01
7.884770631790161133e-01
7.761716246604919434e-01
7.525472044944763184e-01
7.417489290237426758e-01
7.222095727920532227e-01
7.019560337066650391e-01
6.867278814315795898e-01
6.523459553718566895e-01
6.384370326995849609e-01
6.186280250549316406e-01
5.870304703712463379e-01
5.749101042747497559e-01
5.488564372062683105e-01
5.358198285102844238e-01
5.229255557060241699e-01
4.884082973003387451e-01
4.573916792869567871e-01
4.340549409389495850e-01
4.078706800937652588e-01
3.671019375324249268e-01
3.461374342441558838e-01
3.114524781703948975e-01
2.761419713497161865e-01
2.325041443109512329e-01
1.932013928890228271e-01
1.584433317184448242e-01
1.083656400442123413e-01
7.669655233621597290e-02
5.361370742321014404e-02
2.308650873601436615e-02
-2.514781616628170013e-02
-6.970565766096115112e-02
-1.139131709933280945e-01
-1.837897747755050659e-01
-2.128355801105499268e-01
-2.739874720573425293e-01
