1.213987618684768677e-01
1.908568441867828369e-01
2.389759421348571777e-01
3.095470964908599854e-01
3.607752025127410889e-01
3.848354220390319824e-01
4.129281938076019287e-01
4.206514060497283936e-01
4.554417729377746582e-01
4.369676411151885986e-01
4.550088346004486084e-01
4.524941742420196533e-01
4.322361946105957031e-01
4.286934733390808105e-01
3.908805847167968750e-01
3.763522207736968994e-01
3.445032835006713867e-01
3.417539298534393311e-01
3.287832438945770264e-01
2.683723866939544678e-01
2.463909089565277100e-01
2.119175493717193604e-01
1.622172147035598755e-01
1.338526308536529541e-01
7.930144667625427246e-02
4.624498635530471802e-02
-8.826479315757751465e-04
-2.764821425080299377e-02
-7.786434888839721680e-02
-9.599538147449493408e-02
-1.155858337879180908e-01
-1.340061426162719727e-01
-1.451121866703033447e-01
-1.616891920566558838e-01
-1.778784543275833130e-01
-2.045353502035140991e-01
-2.420183867216110229e-01
-2.736738026142120361e-01
-2.709219455718994141e-01
-2.975158989429473877e-01
-3.158772885799407959e-01
-3.833009004592895508e-01
-3.819205462932586670e-01
-4.290555417537689209e-01
-4.667405188083648682e-01
-5.234347581863403320e-01
-5.706826448440551758e-01
-5.895702838897705078e-01
-6.158682107925415039e-01
-6.224419474601745605e-01
-6.488476395606994629e-01
-6.882766485214233398e-01
-7.217763066291809082e-01
-7.396560907363891602e-01
-7.429499030113220215e-01
-7.654031515121459961e-01
-7.595967054367065430e-01
-7.070933580398559570e-01
-6.978111267089843750e-01
-7.109097838401794434e-01
-7.267687320709228516e-01
-7.383942008018493652e-01
-7.662807703018188477e-01
-7.747641801834106445e-01
-7.892712354660034180e-01
-7.680107355117797852e-01
-7.419513463973999023e-01
-7.548081874847412109e-01
-7.352841496467590332e-01
-7.259579896926879883e-01
-6.950113177299499512e-01
-7.049647569656372070e-01
-7.018173336982727051e-01
-6.821920275688171387e-01
-7.023633122444152832e-01
-7.014191150665283203e-01
-6.601536273956298828e-01
-6.559572815895080566e-01
-6.429142355918884277e-01
-6.358636617660522461e-01
-6.656235456466674805e-01
-6.975510716438293457e-01
-6.961494684219360352e-01
-7.288046479225158691e-01
-7.322242259979248047e-01
-7.256749868392944336e-01
-6.790202856063842773e-01
-6.853587031364440918e-01
-6.759483814239501953e-01
-6.855731010437011719e-01
-7.085900306701660156e-01
-6.968342661857604980e-01
-6.997536420822143555e-01
-6.682220101356506348e-01
-6.288793683052062988e-01
-6.208468079566955566e-01
-6.352877020835876465e-01
-6.027857065200805664e-01
-6.069225668907165527e-01
-6.001831293106079102e-01
-5.895076394081115723e-01
-5.830813050270080566e-01
-5.641156435012817383e-01
-5.348811149597167969e-01
-5.211289525032043457e-01
-5.298054814338684082e-01
-5.052745938301086426e-01
-4.903482496738433838e-01
-4.868935048580169678e-01
-4.389747679233551025e-01
-3.644221425056457520e-01
-3.303363323211669922e-01
-3.001962304115295410e-01
-2.874481678009033203e-01
-2.856578528881072998e-01
-2.702874243259429932e-01
-2.177444249391555786e-01
-2.077766507863998413e-01
-1.976171582937240601e-01
-1.813136488199234009e-01
-1.613975614309310913e-01
-1.699248850345611572e-01
-1.724411845207214355e-01
-1.692544817924499512e-01
-1.881739199161529541e-01
-1.851326674222946167e-01
-1.838830858469009399e-01
-1.950589865446090698e-01
-1.912495791912078857e-01
-2.105131000280380249e-01
-2.326990216970443726e-01
-2.938128411769866943e-01
-3.159826993942260742e-01
-3.288714587688446045e-01
-3.103091120719909668e-01
-3.180330693721771240e-01
-2.854185700416564941e-01
-2.600981593132019043e-01
-2.342768758535385132e-01
-2.078309208154678345e-01
-1.966591328382492065e-01
-1.783569753170013428e-01
-1.362684667110443115e-01
-8.801166713237762451e-02
-7.711769640445709229e-02
-3.655557706952095032e-02
-2.021589502692222595e-02
-3.220171108841896057e-02
-4.383116587996482849e-02
-3.064860031008720398e-02
2.505421452224254608e-02
2.626354806125164032e-02
4.195333644747734070e-02
7.757695019245147705e-02
1.079380512237548828e-01
1.180113554000854492e-01
1.464624106884002686e-01
1.286343038082122803e-01
1.482495516538619995e-01
1.977080106735229492e-01
2.272330671548843384e-01
2.424561232328414917e-01
2.431468516588211060e-01
3.250279128551483154e-01
3.613169491291046143e-01
3.586508929729461670e-01
3.710852265357971191e-01
3.873779475688934326e-01
3.727913796901702881e-01
3.625871837139129639e-01
4.000866711139678955e-01
4.304868876934051514e-01
4.642480611801147461e-01
4.856126606464385986e-01
5.272668004035949707e-01
5.424733161926269531e-01
5.718175768852233887e-01
6.035032868385314941e-01
6.040468811988830566e-01
6.113552451133728027e-01
6.393221020698547363e-01
6.288096308708190918e-01
6.429903507232666016e-01
6.595436930656433105e-01
6.744554042816162109e-01
7.043052911758422852e-01
7.142890691757202148e-01
7.130534052848815918e-01
7.276495099067687988e-01
7.284586429595947266e-01
7.449112534523010254e-01
7.986793518066406250e-01
8.297638297080993652e-01
8.617615103721618652e-01
8.945837616920471191e-01
9.236315488815307617e-01
8.929629325866699219e-01
8.982173204421997070e-01
8.911799788475036621e-01
8.877950310707092285e-01
8.717454075813293457e-01
8.743401169776916504e-01
8.973326683044433594e-01
9.073041677474975586e-01
9.425309896469116211e-01
9.400139451026916504e-01
9.758133888244628906e-01
9.813921451568603516e-01
9.898396730422973633e-01
1.008582234382629395e+00
1.008903384208679199e+00
