2.458935000011574011e+06 4.092380000000000109e+03 9.917391360000000000e+08
2.458935000057870522e+06 4.095409999999999854e+03 9.961521280000000000e+08
2.458935000104166567e+06 4.099199999999999818e+03 9.961528320000000000e+08
2.458935000150463078e+06 4.103010000000000218e+03 9.961532800000000000e+08
2.458935000196759123e+06 4.107220000000000255e+03 9.961537280000000000e+08
2.458935000243055634e+06 4.111430000000000291e+03 9.961542400000000000e+08
2.458935000277777668e+06 4.115319999999999709e+03 0.000000000000000000e+00
2.458935444027777761e+06 0.000000000000000000e+00 3.617392000000000000e+06
2.458935444074074272e+06 4.216999999999999638e+00 4.476266000000000000e+06
2.458935444120370317e+06 8.336000000000000298e+00 4.476712000000000000e+06
2.458935444155092817e+06 1.254499999999999993e+01 4.477117000000000000e+06
2.458935444201388862e+06 1.524699999999999989e+01 4.477473000000000000e+06
2.458935444247685373e+06 1.903500000000000014e+01 8.980566000000000000e+06
2.458935444293981418e+06 2.317299999999999827e+01 8.981146000000000000e+06
2.458935444340277929e+06 2.738299999999999912e+01 8.981589000000000000e+06
2.458935444374999963e+06 3.157300000000000040e+01 8.982027000000000000e+06
2.458935444421296474e+06 3.421800000000000352e+01 8.982417000000000000e+06
2.458935444467592519e+06 3.800800000000000267e+01 1.348072100000000000e+07
2.458935444513889030e+06 4.220100000000000051e+01 1.348114600000000000e+07
2.458935444560185075e+06 4.640999999999999659e+01 1.348156500000000000e+07
2.458935444594907574e+06 5.061899999999999977e+01 1.348196300000000000e+07
2.458935444641203620e+06 5.317099999999999937e+01 1.391669300000000000e+07
2.458935444687500130e+06 5.703799999999999670e+01 1.797407200000000000e+07
2.458935444733796176e+06 6.124699999999999989e+01 1.797452800000000000e+07
2.458935444768518675e+06 6.545600000000000307e+01 1.797489200000000000e+07
2.458935444814814720e+06 6.833299999999999841e+01 1.797530000000000000e+07
2.458935444861111231e+06 7.212399999999999523e+01 2.004490400000000000e+07
2.458935444907407276e+06 7.608499999999999375e+01 2.245763000000000000e+07
2.458935444953703787e+06 8.029200000000000159e+01 2.245808000000000000e+07
2.458935444988425821e+06 8.450400000000000489e+01 2.245855200000000000e+07
2.458935445034722332e+06 8.728799999999999670e+01 2.245891800000000000e+07
2.458935445081018377e+06 9.107800000000000296e+01 2.619077200000000000e+07
2.458935445127314888e+06 9.513100000000000023e+01 2.693816200000000000e+07
2.458935445173610933e+06 9.934099999999999397e+01 2.693857600000000000e+07
2.458935445208333433e+06 1.035499999999999972e+02 2.693898600000000000e+07
2.458935445254629478e+06 1.062409999999999997e+02 2.693933000000000000e+07
2.458935445300925989e+06 1.100319999999999965e+02 3.142172000000000000e+07
2.458935445347222034e+06 1.141680000000000064e+02 3.142219600000000000e+07
2.458935445393518545e+06 1.183780000000000001e+02 3.142260600000000000e+07
2.458935445428240579e+06 1.225870000000000033e+02 3.142302800000000000e+07
2.458935445474537089e+06 1.252039999999999935e+02 3.142350800000000000e+07
2.458935445520833135e+06 1.290060000000000002e+02 3.589472800000000000e+07
2.458935445567129645e+06 1.332050000000000125e+02 3.589516000000000000e+07
2.458935445613426156e+06 1.374139999999999873e+02 3.589552000000000000e+07
2.458935445648148190e+06 1.416229999999999905e+02 3.589598000000000000e+07
2.458935445694444235e+06 1.441690000000000111e+02 3.622349200000000000e+07
2.458935445740740746e+06 1.480310000000000059e+02 4.036315600000000000e+07
2.458935445787037257e+06 1.522410000000000139e+02 4.036359600000000000e+07
2.458935445821759291e+06 1.564499999999999886e+02 4.036394800000000000e+07
2.458935445868055336e+06 1.593400000000000034e+02 4.036430800000000000e+07
2.458935445914351847e+06 1.631299999999999955e+02 4.232828000000000000e+07
2.458935445960648358e+06 1.670790000000000077e+02 4.481386000000000000e+07
2.458935446006944403e+06 1.712880000000000109e+02 4.481426000000000000e+07
2.458935446041666437e+06 1.754970000000000141e+02 4.481470000000000000e+07
2.458935446087962948e+06 1.782930000000000064e+02 4.481506800000000000e+07
2.458935446134259459e+06 1.820840000000000032e+02 4.843642400000000000e+07
2.458935446180555504e+06 1.861150000000000091e+02 4.926064800000000000e+07
2.458935446226852015e+06 1.903249999999999886e+02 4.926104800000000000e+07
2.458935446261574049e+06 1.945339999999999918e+02 4.926141600000000000e+07
2.458935446307870559e+06 1.972570000000000050e+02 4.926173600000000000e+07
2.458935446354166605e+06 2.010469999999999970e+02 5.370781600000000000e+07
2.458935446400463115e+06 2.051620000000000061e+02 5.370821600000000000e+07
2.458935446446759161e+06 2.093720000000000141e+02 5.370861600000000000e+07
2.458935446481481660e+06 2.135809999999999889e+02 5.370898400000000000e+07
2.458935446527777705e+06 2.162110000000000127e+02 5.370943600000000000e+07
2.458935446574074216e+06 2.200010000000000048e+02 5.816994800000000000e+07
2.458935446620370261e+06 2.242090000000000032e+02 5.817044800000000000e+07
2.458935446666666772e+06 2.284180000000000064e+02 5.817086400000000000e+07
2.458935446701388806e+06 2.326270000000000095e+02 5.817132800000000000e+07
2.458935446747685317e+06 2.351639999999999873e+02 5.836157600000000000e+07
2.458935446793981362e+06 2.390459999999999923e+02 6.262126400000000000e+07
2.458935446840277873e+06 2.432539999999999907e+02 6.262160400000000000e+07
2.458935446874999907e+06 2.474650000000000034e+02 6.262207200000000000e+07
2.458935446921296418e+06 2.503259999999999934e+02 6.262246800000000000e+07
2.458935446967592463e+06 2.541169999999999902e+02 6.442944800000000000e+07
2.458935447013888974e+06 2.580930000000000177e+02 6.707907600000000000e+07
2.458935447060185019e+06 2.623020000000000209e+02 6.707953200000000000e+07
2.458935447094907518e+06 2.665110000000000241e+02 6.708000400000000000e+07
2.458935447141203564e+06 2.692799999999999727e+02 6.708038400000000000e+07
2.458935447187500075e+06 2.730699999999999932e+02 7.056109600000000000e+07
2.458935447233796120e+06 2.771279999999999859e+02 7.155880000000000000e+07
2.458935447280092631e+06 2.813380000000000223e+02 7.155916000000000000e+07
2.458935447314814664e+06 2.855480000000000018e+02 7.155951200000000000e+07
2.458935447361111175e+06 2.882429999999999950e+02 7.155993600000000000e+07
2.458935447407407220e+06 2.920330000000000155e+02 7.601496000000000000e+07
2.458935447453703731e+06 2.961759999999999877e+02 7.601536800000000000e+07
2.458935447499999776e+06 3.003849999999999909e+02 7.601575200000000000e+07
2.458935447534722276e+06 3.045950000000000273e+02 7.601611200000000000e+07
2.458935447581018321e+06 3.071960000000000264e+02 7.601647200000000000e+07
2.458935447627314832e+06 3.110129999999999768e+02 8.047897600000000000e+07
2.458935447673611343e+06 3.152119999999999891e+02 8.047949600000000000e+07
2.458935447719907388e+06 3.194220000000000255e+02 8.047984800000000000e+07
2.458935447754629422e+06 3.236309999999999718e+02 8.048027200000000000e+07
2.458935447800925933e+06 3.261600000000000250e+02 8.052769600000000000e+07
2.458935447847222444e+06 3.300489999999999782e+02 8.492073600000000000e+07
2.458935447893518489e+06 3.342590000000000146e+02 8.492122400000000000e+07
2.458935447928240523e+06 3.384689999999999941e+02 8.492156000000000000e+07
2.458935447974537034e+06 3.413220000000000027e+02 8.492199200000000000e+07
2.458935448020833544e+06 3.451139999999999759e+02 8.664003200000000000e+07
2.458935448067129590e+06 3.490969999999999800e+02 8.937654400000000000e+07
2.458935448113426100e+06 3.533059999999999832e+02 8.937704000000000000e+07
2.458935448148148134e+06 3.575149999999999864e+02 8.937748000000000000e+07
2.458935448194444645e+06 3.602760000000000105e+02 8.937788000000000000e+07
2.458935448240740690e+06 3.640670000000000073e+02 9.274604800000000000e+07
2.458935448287037201e+06 3.681329999999999814e+02 9.382480800000000000e+07
2.458935448333333246e+06 3.723419999999999845e+02 9.382518400000000000e+07
2.458935448368055746e+06 3.765509999999999877e+02 9.382560000000000000e+07
2.458935448414351791e+06 3.792379999999999995e+02 9.382603200000000000e+07
2.458935448460648302e+06 3.830289999999999964e+02 9.828063200000000000e+07
2.458935448506944347e+06 3.871800000000000068e+02 9.828116800000000000e+07
2.458935448553240858e+06 3.913890000000000100e+02 9.828162400000000000e+07
2.458935448587962892e+06 3.955980000000000132e+02 9.828201600000000000e+07
2.458935448634259403e+06 3.981920000000000073e+02 9.828250400000000000e+07
2.458935448680555448e+06 4.020169999999999959e+02 1.027168000000000000e+08
2.458935448726851959e+06 4.062250000000000227e+02 1.027172800000000000e+08
2.458935448773148004e+06 4.104359999999999786e+02 1.027176480000000000e+08
2.458935448807870504e+06 4.133550000000000182e+02 1.027180480000000000e+08
2.458935448854166549e+06 4.171460000000000150e+02 1.027184320000000000e+08
2.458935448900463060e+06 4.210629999999999882e+02 1.071739520000000000e+08
2.458935448946759105e+06 4.252730000000000246e+02 1.071743280000000000e+08
2.458935448981481604e+06 4.294820000000000277e+02 1.071747920000000000e+08
2.458935449027777649e+06 4.323079999999999927e+02 1.071752800000000000e+08
2.458935449074074160e+06 4.360989999999999895e+02 1.087006080000000000e+08
2.458935449120370205e+06 4.401100000000000136e+02 1.116165600000000000e+08
2.458935449166666716e+06 4.443199999999999932e+02 1.116169840000000000e+08
2.458935449201388750e+06 4.485289999999999964e+02 1.116173840000000000e+08
2.458935449247685261e+06 4.512620000000000005e+02 1.116178080000000000e+08
2.458935449293981306e+06 4.550529999999999973e+02 1.149086080000000000e+08
2.458935449340277817e+06 4.591270000000000095e+02 1.160678320000000000e+08
2.458935449386573862e+06 4.633360000000000127e+02 1.160682320000000000e+08
2.458935449421296362e+06 4.675459999999999923e+02 1.160685920000000000e+08
2.458935449467592407e+06 4.702450000000000045e+02 1.160689440000000000e+08
2.458935449513888918e+06 4.740369999999999777e+02 1.204897840000000000e+08
2.458935449560184963e+06 4.781750000000000114e+02 1.204902240000000000e+08
2.458935449606481474e+06 4.823829999999999814e+02 1.204906080000000000e+08
2.458935449641203508e+06 4.865919999999999845e+02 1.204910320000000000e+08
2.458935449687500019e+06 4.891990000000000123e+02 1.204914240000000000e+08
2.458935449733796064e+06 4.930120000000000005e+02 1.249132160000000000e+08
2.458935449780092575e+06 4.972200000000000273e+02 1.249136560000000000e+08
2.458935449826389086e+06 5.014289999999999736e+02 1.249140560000000000e+08
2.458935449861111119e+06 5.056390000000000100e+02 1.249144320000000000e+08
2.458935449907407630e+06 5.081519999999999868e+02 1.249148480000000000e+08
2.458935449953703675e+06 5.120579999999999927e+02 1.293336320000000000e+08
2.458935450000000186e+06 5.162680000000000291e+02 1.293340240000000000e+08
2.458935450034722220e+06 5.204769999999999754e+02 1.293344160000000000e+08
2.458935450081018731e+06 5.233129999999999882e+02 1.293348640000000000e+08
2.458935450127314776e+06 5.271050000000000182e+02 1.308402400000000000e+08
2.458935450173611287e+06 5.311040000000000418e+02 1.337678240000000000e+08
2.458935450219907332e+06 5.353139999999999645e+02 1.337682720000000000e+08
2.458935450254629832e+06 5.395220000000000482e+02 1.337687280000000000e+08
2.458935450300925877e+06 5.422680000000000291e+02 1.337691440000000000e+08
2.458935450347222388e+06 5.460579999999999927e+02 1.368477760000000000e+08
2.458935450393518433e+06 5.501499999999999773e+02 1.382213280000000000e+08
2.458935450439814944e+06 5.543609999999999900e+02 1.382217280000000000e+08
2.458935450474536978e+06 5.585700000000000500e+02 1.382221600000000000e+08
2.458935450520833489e+06 5.612200000000000273e+02 1.382225280000000000e+08
2.458935450567129534e+06 5.650119999999999436e+02 1.427079520000000000e+08
2.458935450613426045e+06 5.691879999999999882e+02 1.427085120000000000e+08
2.458935450659722090e+06 5.733970000000000482e+02 1.427089440000000000e+08
2.458935450694444589e+06 5.776069999999999709e+02 1.427092640000000000e+08
2.458935450740740635e+06 5.801849999999999454e+02 1.427096800000000000e+08
2.458935450787037145e+06 5.840149999999999864e+02 1.472082240000000000e+08
2.458935450833333191e+06 5.881849999999999454e+02 1.472086560000000000e+08
2.458935450879629701e+06 5.923940000000000055e+02 1.472090400000000000e+08
2.458935450914351735e+06 5.966029999999999518e+02 1.472094720000000000e+08
2.458935450960648246e+06 5.991870000000000118e+02 1.472099200000000000e+08
2.458935451006944291e+06 6.030209999999999582e+02 1.517161920000000000e+08
2.458935451053240802e+06 6.072210000000000036e+02 1.517166240000000000e+08
2.458935451099536847e+06 6.114310000000000400e+02 1.517170880000000000e+08
2.458935451134259347e+06 6.156409999999999627e+02 1.517175040000000000e+08
2.458935451180555392e+06 6.181499999999999773e+02 1.530053760000000000e+08
2.458935451226851903e+06 6.220589999999999691e+02 1.562185760000000000e+08
2.458935451273147948e+06 6.262680000000000291e+02 1.562189920000000000e+08
2.458935451319444459e+06 6.302229999999999563e+02 1.562194400000000000e+08
2.458935451365740970e+06 6.340130000000000337e+02 1.562198560000000000e+08
2.458935451412037015e+06 6.381960000000000264e+02 1.606400160000000000e+08
2.458935451458333526e+06 6.424039999999999964e+02 1.606960320000000000e+08
2.458935451504629571e+06 6.466150000000000091e+02 1.606966080000000000e+08
2.458935451550926082e+06 6.502259999999999991e+02 1.606970240000000000e+08
2.458935451597222127e+06 6.540170000000000528e+02 1.607056000000000000e+08
2.458935451643518638e+06 6.581219999999999573e+02 1.651828640000000000e+08
2.458935451689814683e+06 6.622910000000000537e+02 1.651832960000000000e+08
2.458935451724537183e+06 6.665000000000000000e+02 1.651837120000000000e+08
2.458935451770833228e+06 6.692899999999999636e+02 1.651840800000000000e+08
2.458935451817129739e+06 6.731209999999999809e+02 1.670221920000000000e+08
2.458935451863425784e+06 6.770890000000000555e+02 1.696550720000000000e+08
2.458935451909722295e+06 6.812980000000000018e+02 1.696555200000000000e+08
2.458935451944444329e+06 6.854669999999999845e+02 1.696559520000000000e+08
2.458935451990740839e+06 6.883229999999999791e+02 1.696563840000000000e+08
2.458935452037036885e+06 6.921140000000000327e+02 1.731216160000000000e+08
2.458935452083333395e+06 6.960960000000000036e+02 1.741143360000000000e+08
2.458935452129629441e+06 7.003049999999999500e+02 1.741147680000000000e+08
2.458935452164351940e+06 7.045140000000000100e+02 1.741151840000000000e+08
2.458935452210647985e+06 7.072770000000000437e+02 1.741156160000000000e+08
2.458935452256944496e+06 7.110660000000000309e+02 1.785720640000000000e+08
2.458935452303240541e+06 7.151019999999999754e+02 1.785725760000000000e+08
2.458935452349537052e+06 7.193110000000000355e+02 1.785729600000000000e+08
2.458935452384259086e+06 7.235209999999999582e+02 1.785733760000000000e+08
2.458935452430555597e+06 7.262699999999999818e+02 1.785738880000000000e+08
2.458935452476851642e+06 7.301019999999999754e+02 1.830372160000000000e+08
2.458935452523148153e+06 7.340979999999999563e+02 1.830376960000000000e+08
2.458935452569444664e+06 7.383089999999999691e+02 1.830381600000000000e+08
2.458935452615740709e+06 7.424779999999999518e+02 1.830385440000000000e+08
2.458935452650462743e+06 7.465670000000000073e+02 1.834633920000000000e+08
2.458935452696759254e+06 7.492240000000000464e+02 1.875108160000000000e+08
2.458935452743055765e+06 7.530149999999999864e+02 1.875112480000000000e+08
2.458935452789351810e+06 7.570750000000000455e+02 1.875116480000000000e+08
2.458935452835648321e+06 7.612839999999999918e+02 1.875120800000000000e+08
2.458935452870370355e+06 7.654930000000000518e+02 1.898863520000000000e+08
2.458935452916666865e+06 7.682980000000000018e+02 1.919926400000000000e+08
2.458935452962962911e+06 7.722079999999999700e+02 1.919930880000000000e+08
2.458935453009259421e+06 7.760019999999999527e+02 1.919935680000000000e+08
2.458935453055555467e+06 7.802119999999999891e+02 1.919939520000000000e+08
2.458935453101851977e+06 7.844199999999999591e+02 1.961804960000000000e+08
2.458935453136574011e+06 7.886200000000000045e+02 1.964886560000000000e+08
2.458935453182870522e+06 7.911710000000000491e+02 1.964890880000000000e+08
2.458935453229166567e+06 7.950370000000000346e+02 1.964895040000000000e+08
2.458935453275463078e+06 7.992369999999999663e+02 1.964899200000000000e+08
2.458935453310185112e+06 8.034460000000000264e+02 2.009662240000000000e+08
2.458935453356481623e+06 8.063440000000000509e+02 2.009667360000000000e+08
2.458935453402777668e+06 8.101340000000000146e+02 2.009671680000000000e+08
2.458935453449074179e+06 8.140739999999999554e+02 2.009676000000000000e+08
2.458935453495370224e+06 8.182830000000000155e+02 2.009679840000000000e+08
2.458935453541666735e+06 8.224940000000000282e+02 2.054353280000000000e+08
2.458935453576388769e+06 8.266240000000000236e+02 2.054357920000000000e+08
2.458935453622685280e+06 8.291770000000000209e+02 2.054361760000000000e+08
2.458935453668981325e+06 8.330309999999999491e+02 2.054365920000000000e+08
2.458935453715277836e+06 8.372419999999999618e+02 2.061117280000000000e+08
2.458935453761573881e+06 8.414109999999999445e+02 2.099187520000000000e+08
2.458935453807870392e+06 8.450810000000000173e+02 2.099192000000000000e+08
2.458935453854166437e+06 8.490779999999999745e+02 2.099196640000000000e+08
2.458935453900462948e+06 8.532480000000000473e+02 2.099199840000000000e+08
2.458935453946759459e+06 8.574170000000000300e+02 2.140102880000000000e+08
2.458935453981481493e+06 8.616259999999999764e+02 2.143913760000000000e+08
2.458935454027778003e+06 8.641649999999999636e+02 2.143918720000000000e+08
2.458935454074074049e+06 8.682350000000000136e+02 2.143923200000000000e+08
2.458935454120370559e+06 8.720249999999999773e+02 2.143926720000000000e+08
2.458935454166666605e+06 8.761440000000000055e+02 2.188581280000000000e+08
2.458935454212963115e+06 8.803529999999999518e+02 2.188585600000000000e+08
2.458935454247685149e+06 8.845629999999999882e+02 2.188589440000000000e+08
2.458935454293981660e+06 8.872279999999999518e+02 2.188593920000000000e+08
2.458935454340277705e+06 8.910190000000000055e+02 2.188598400000000000e+08
2.458935454386574216e+06 8.951910000000000309e+02 2.233145920000000000e+08
2.458935454432870261e+06 8.993999999999999773e+02 2.233150400000000000e+08
2.458935454467592761e+06 9.036090000000000373e+02 2.233154880000000000e+08
2.458935454513888806e+06 9.061820000000000164e+02 2.233160000000000000e+08
2.458935454560185317e+06 9.100919999999999845e+02 2.245669920000000000e+08
2.458935454606481362e+06 9.140769999999999982e+02 2.277699360000000000e+08
2.458935454652777873e+06 9.182870000000000346e+02 2.277704000000000000e+08
2.458935454687499907e+06 9.224959999999999809e+02 2.277708000000000000e+08
2.458935454733796418e+06 9.252949999999999591e+02 2.277712000000000000e+08
2.458935454780092463e+06 9.290860000000000127e+02 2.306302880000000000e+08
2.458935454826388974e+06 9.330839999999999463e+02 2.322161760000000000e+08
2.458935454872685019e+06 9.372930000000000064e+02 2.322167200000000000e+08
2.458935454907407518e+06 9.415019999999999527e+02 2.322171520000000000e+08
2.458935454953703564e+06 9.442880000000000109e+02 2.322176480000000000e+08
2.458935455000000075e+06 9.481190000000000282e+02 2.366373120000000000e+08
2.458935455046296120e+06 9.520910000000000082e+02 2.366378560000000000e+08
2.458935455092592631e+06 9.562999999999999545e+02 2.366382560000000000e+08
2.458935455127314664e+06 9.605090000000000146e+02 2.366386720000000000e+08
2.458935455173611175e+06 9.632809999999999491e+02 2.366391680000000000e+08
2.458935455219907220e+06 9.670720000000000027e+02 2.410541440000000000e+08
2.458935455266203731e+06 9.711369999999999436e+02 2.410545920000000000e+08
2.458935455312499776e+06 9.753469999999999800e+02 2.410550240000000000e+08
2.458935455347222276e+06 9.795159999999999627e+02 2.410555360000000000e+08
2.458935455393518321e+06 9.822749999999999773e+02 2.410560160000000000e+08
2.458935455439814832e+06 9.861059999999999945e+02 2.454864800000000000e+08
2.458935455486111343e+06 9.901040000000000418e+02 2.454869440000000000e+08
2.458935455532407388e+06 9.943129999999999882e+02 2.454873760000000000e+08
2.458935455567129422e+06 9.985230000000000246e+02 2.454878720000000000e+08
2.458935455613425933e+06 1.001269999999999982e+03 2.466106560000000000e+08
2.458935455659722444e+06 1.005059999999999945e+03 2.499248480000000000e+08
2.458935455706018489e+06 1.009149999999999977e+03 2.499252480000000000e+08
2.458935455752315000e+06 1.013320000000000050e+03 2.499256640000000000e+08
2.458935455787037034e+06 1.017529999999999973e+03 2.499261120000000000e+08
2.458935455833333544e+06 1.020299999999999955e+03 2.527125760000000000e+08
2.458935455879629590e+06 1.024099999999999909e+03 2.543714560000000000e+08
2.458935455925926100e+06 1.028109999999999900e+03 2.543719360000000000e+08
2.458935455972222146e+06 1.032279999999999973e+03 2.543724800000000000e+08
2.458935456030092668e+06 1.036210000000000036e+03 2.543729920000000000e+08
2.458935456076388713e+06 1.041400000000000091e+03 2.588307520000000000e+08
2.458935456111111213e+06 1.045599999999999909e+03 2.588312480000000000e+08
2.458935456157407258e+06 1.048190000000000055e+03 2.588316800000000000e+08
2.458935456203703769e+06 1.052019999999999982e+03 2.588321280000000000e+08
2.458935456249999814e+06 1.056230000000000018e+03 2.593120640000000000e+08
2.458935456296296325e+06 1.060440000000000055e+03 2.632944000000000000e+08
2.458935456331018358e+06 1.064599999999999909e+03 2.632948960000000000e+08
2.458935456377314869e+06 1.067190000000000055e+03 2.632953280000000000e+08
2.458935456423610914e+06 1.071019999999999982e+03 2.632957760000000000e+08
2.458935456469907425e+06 1.075190000000000055e+03 2.654598240000000000e+08
2.458935456516203936e+06 1.079400000000000091e+03 2.677622400000000000e+08
2.458935456550925970e+06 1.083609999999999900e+03 2.677626560000000000e+08
2.458935456597222015e+06 1.086180000000000064e+03 2.677631840000000000e+08
2.458935456643518526e+06 1.090029999999999973e+03 2.677636000000000000e+08
2.458935456689815037e+06 1.094240000000000009e+03 2.714865920000000000e+08
2.458935456736111082e+06 1.098440000000000055e+03 2.722221120000000000e+08
2.458935456770833116e+06 1.101349999999999909e+03 2.722225280000000000e+08
2.458935456817129627e+06 1.105150000000000091e+03 2.722229760000000000e+08
2.458935456863426138e+06 1.109059999999999945e+03 2.722233920000000000e+08
2.458935456909722183e+06 1.113269999999999982e+03 2.766970240000000000e+08
2.458935456944444217e+06 1.117480000000000018e+03 2.766975040000000000e+08
2.458935456990740728e+06 1.120349999999999909e+03 2.766978880000000000e+08
2.458935457037037238e+06 1.124140000000000100e+03 2.766983680000000000e+08
2.458935457083333284e+06 1.128029999999999973e+03 2.766988160000000000e+08
2.458935457129629795e+06 1.132240000000000009e+03 2.811734080000000000e+08
2.458935457175925840e+06 1.136450000000000045e+03 2.811739200000000000e+08
2.458935457222222351e+06 1.140059999999999945e+03 2.811743680000000000e+08
2.458935457268518396e+06 1.144269999999999982e+03 2.811748480000000000e+08
2.458935457303240895e+06 1.148480000000000018e+03 2.825856640000000000e+08
2.458935457349536940e+06 1.151309999999999945e+03 2.856430720000000000e+08
2.458935457395833451e+06 1.155099999999999909e+03 2.856434880000000000e+08
2.458935457442129496e+06 1.159059999999999945e+03 2.856439360000000000e+08
2.458935457488426007e+06 1.163269999999999982e+03 2.856443840000000000e+08
2.458935457523148041e+06 1.167460000000000036e+03 2.887040960000000000e+08
2.458935457569444552e+06 1.170329999999999927e+03 2.901066560000000000e+08
2.458935457627314609e+06 1.174119999999999891e+03 2.901072000000000000e+08
2.458935457662037108e+06 1.179490000000000009e+03 2.901076480000000000e+08
2.458935457708333153e+06 1.182339999999999918e+03 2.901080640000000000e+08
2.458935457754629664e+06 1.186170000000000073e+03 2.945696640000000000e+08
2.458935457800925709e+06 1.190039999999999964e+03 2.945702080000000000e+08
2.458935457847222220e+06 1.194240000000000009e+03 2.945706880000000000e+08
2.458935457893518731e+06 1.198410000000000082e+03 2.945711040000000000e+08
2.458935457928240765e+06 1.202619999999999891e+03 2.945715200000000000e+08
2.458935457974536810e+06 1.205170000000000073e+03 2.990387200000000000e+08
2.458935458020833321e+06 1.209039999999999964e+03 2.990391680000000000e+08
2.458935458067129832e+06 1.213240000000000009e+03 2.990395200000000000e+08
2.458935458101851866e+06 1.217450000000000045e+03 2.990399040000000000e+08
2.458935458148148376e+06 1.220339999999999918e+03 2.998118080000000000e+08
2.458935458194444422e+06 1.224130000000000109e+03 3.034928640000000000e+08
2.458935458240740933e+06 1.228079999999999927e+03 3.034933760000000000e+08
2.458935458287036978e+06 1.232289999999999964e+03 3.034938240000000000e+08
2.458935458333333489e+06 1.236500000000000000e+03 3.034942400000000000e+08
2.458935458368055522e+06 1.240630000000000109e+03 3.060447040000000000e+08
2.458935458414352033e+06 1.243200000000000045e+03 3.079241600000000000e+08
2.458935458460648078e+06 1.247029999999999973e+03 3.079246080000000000e+08
2.458935458506944589e+06 1.251170000000000073e+03 3.079250880000000000e+08
2.458935458553240635e+06 1.255220000000000027e+03 3.079255360000000000e+08
2.458935458599537145e+06 1.259009999999999991e+03 3.123595520000000000e+08
2.458935458645833191e+06 1.263200000000000045e+03 3.123600320000000000e+08
2.458935458692129701e+06 1.267369999999999891e+03 3.123605440000000000e+08
2.458935458726851735e+06 1.271569999999999936e+03 3.123609600000000000e+08
2.458935458773148246e+06 1.274210000000000036e+03 3.123614080000000000e+08
2.458935458819444291e+06 1.278009999999999991e+03 3.168013120000000000e+08
2.458935458865740802e+06 1.282190000000000055e+03 3.168017920000000000e+08
2.458935458912036847e+06 1.286400000000000091e+03 3.168023040000000000e+08
2.458935458946759347e+06 1.290609999999999900e+03 3.168026880000000000e+08
2.458935458993055392e+06 1.293180000000000064e+03 3.171802880000000000e+08
2.458935459039351903e+06 1.297029999999999973e+03 3.212393600000000000e+08
2.458935459085647948e+06 1.301240000000000009e+03 3.212397760000000000e+08
2.458935459131944459e+06 1.305410000000000082e+03 3.212402240000000000e+08
2.458935459166666493e+06 1.309619999999999891e+03 3.212406400000000000e+08
2.458935459212963004e+06 1.312170000000000073e+03 3.231865600000000000e+08
2.458935459259259049e+06 1.316039999999999964e+03 3.256710080000000000e+08
2.458935459305555560e+06 1.320250000000000000e+03 3.256714240000000000e+08
2.458935459351852071e+06 1.324460000000000036e+03 3.256719360000000000e+08
2.458935459386574104e+06 1.328619999999999891e+03 3.256723520000000000e+08
2.458935459432870150e+06 1.331170000000000073e+03 3.292932480000000000e+08
2.458935459479166660e+06 1.335039999999999964e+03 3.301094400000000000e+08
2.458935459525463171e+06 1.339190000000000055e+03 3.301099200000000000e+08
2.458935459571759216e+06 1.343400000000000091e+03 3.301103040000000000e+08
2.458935459606481250e+06 1.347609999999999900e+03 3.301108160000000000e+08
2.458935459652777761e+06 1.350180000000000064e+03 3.345538880000000000e+08
2.458935459699074272e+06 1.354029999999999973e+03 3.345544000000000000e+08
2.458935459745370317e+06 1.358240000000000009e+03 3.345548800000000000e+08
2.458935459780092817e+06 1.362450000000000045e+03 3.345553600000000000e+08
2.458935459826388862e+06 1.365339999999999918e+03 3.345557760000000000e+08
2.458935459872685373e+06 1.369130000000000109e+03 3.390161600000000000e+08
2.458935459918981418e+06 1.373079999999999927e+03 3.390166400000000000e+08
2.458935459965277929e+06 1.377289999999999964e+03 3.390171520000000000e+08
2.458935459999999963e+06 1.381450000000000045e+03 3.390176320000000000e+08
2.458935460046296474e+06 1.384329999999999927e+03 3.390671040000000000e+08
2.458935460092592519e+06 1.388130000000000109e+03 3.435053120000000000e+08
2.458935460150463041e+06 1.392079999999999927e+03 3.435058560000000000e+08
2.458935460185185075e+06 1.397589999999999918e+03 3.435062720000000000e+08
2.458935460231481586e+06 1.400200000000000045e+03 3.435067840000000000e+08
2.458935460277777631e+06 1.404069999999999936e+03 3.468941120000000000e+08
2.458935460324074142e+06 1.408140000000000100e+03 3.480135680000000000e+08
2.458935460370370187e+06 1.412309999999999945e+03 3.480140480000000000e+08
2.458935460405092686e+06 1.416480000000000018e+03 3.480144640000000000e+08
2.458935460451388732e+06 1.419309999999999945e+03 3.480148800000000000e+08
2.458935460497685242e+06 1.423099999999999909e+03 3.525020800000000000e+08
2.458935460543981288e+06 1.427109999999999900e+03 3.525025920000000000e+08
2.458935460590277798e+06 1.431319999999999936e+03 3.525030080000000000e+08
2.458935460636573844e+06 1.435529999999999973e+03 3.525035200000000000e+08
2.458935460682870355e+06 1.439140000000000100e+03 3.525039360000000000e+08
2.458935460729166865e+06 1.443339999999999918e+03 3.569967360000000000e+08
2.458935460763888899e+06 1.447559999999999945e+03 3.569971840000000000e+08
2.458935460810185410e+06 1.450250000000000000e+03 3.569976000000000000e+08
2.458935460856481455e+06 1.454049999999999955e+03 3.569980480000000000e+08
2.458935460902777966e+06 1.458160000000000082e+03 3.582895040000000000e+08
2.458935460949074011e+06 1.462369999999999891e+03 3.614709760000000000e+08
2.458935460983796511e+06 1.466579999999999927e+03 3.614714880000000000e+08
2.458935461030092556e+06 1.469210000000000036e+03 3.614719680000000000e+08
2.458935461076389067e+06 1.473000000000000000e+03 3.614723840000000000e+08
2.458935461122685112e+06 1.477210000000000036e+03 3.644248640000000000e+08
2.458935461168981623e+06 1.481420000000000073e+03 3.659396800000000000e+08
2.458935461203703657e+06 1.485630000000000109e+03 3.659401600000000000e+08
2.458935461250000168e+06 1.488160000000000082e+03 3.659406400000000000e+08
2.458935461296296213e+06 1.492049999999999955e+03 3.659410880000000000e+08
2.458935461342592724e+06 1.496259999999999991e+03 3.703943360000000000e+08
2.458935461377314758e+06 1.500460000000000036e+03 3.703948800000000000e+08
2.458935461423611268e+06 1.503319999999999936e+03 3.703952960000000000e+08
2.458935461469907314e+06 1.507119999999999891e+03 3.703957120000000000e+08
2.458935461516203824e+06 1.511089999999999918e+03 3.703961280000000000e+08
2.458935461562499870e+06 1.515299999999999955e+03 3.748528960000000000e+08
2.458935461597222369e+06 1.519509999999999991e+03 3.748534400000000000e+08
2.458935461643518414e+06 1.522279999999999973e+03 3.748538880000000000e+08
2.458935461689814925e+06 1.526069999999999936e+03 3.748544000000000000e+08
2.458935461736110970e+06 1.530140000000000100e+03 3.748549440000000000e+08
2.458935461782407481e+06 1.534349999999999909e+03 3.793145920000000000e+08
2.458935461817129515e+06 1.538529999999999973e+03 3.793150720000000000e+08
2.458935461863426026e+06 1.541259999999999991e+03 3.793155200000000000e+08
2.458935461909722071e+06 1.545049999999999955e+03 3.793159040000000000e+08
2.458935461956018582e+06 1.549160000000000082e+03 3.800031040000000000e+08
2.458935462002314627e+06 1.553359999999999900e+03 3.837637440000000000e+08
2.458935462037037127e+06 1.557569999999999936e+03 3.837641920000000000e+08
2.458935462083333172e+06 1.560220000000000027e+03 3.837647040000000000e+08
2.458935462129629683e+06 1.564009999999999991e+03 3.837651840000000000e+08
2.458935462175925728e+06 1.568200000000000045e+03 3.861333760000000000e+08
2.458935462222222239e+06 1.572410000000000082e+03 3.882489280000000000e+08
2.458935462256944273e+06 1.576619999999999891e+03 3.882493760000000000e+08
2.458935462303240784e+06 1.579170000000000073e+03 3.882497920000000000e+08
2.458935462349536829e+06 1.583039999999999964e+03 3.882502720000000000e+08
2.458935462395833340e+06 1.587250000000000000e+03 3.923280000000000000e+08
2.458935462430555373e+06 1.591460000000000036e+03 3.927274880000000000e+08
2.458935462476851884e+06 1.594329999999999927e+03 3.927280320000000000e+08
2.458935462523147929e+06 1.598119999999999891e+03 3.927285120000000000e+08
2.458935462569444440e+06 1.602089999999999918e+03 3.927289600000000000e+08
2.458935462615740951e+06 1.606299999999999955e+03 3.971985280000000000e+08
2.458935462650462985e+06 1.610509999999999991e+03 3.971990400000000000e+08
2.458935462696759030e+06 1.613279999999999973e+03 3.971994560000000000e+08
2.458935462743055541e+06 1.617069999999999936e+03 3.971999680000000000e+08
2.458935462789352052e+06 1.621130000000000109e+03 3.972004160000000000e+08
2.458935462835648097e+06 1.625339999999999918e+03 4.016473280000000000e+08
2.458935462870370597e+06 1.629539999999999964e+03 4.016479040000000000e+08
2.458935462916666642e+06 1.632250000000000000e+03 4.016483520000000000e+08
2.458935462962963153e+06 1.636039999999999964e+03 4.016487680000000000e+08
2.458935463009259198e+06 1.640170000000000073e+03 4.018287680000000000e+08
2.458935463055555709e+06 1.644380000000000109e+03 4.061129600000000000e+08
2.458935463090277743e+06 1.648589999999999918e+03 4.061134720000000000e+08
2.458935463136574253e+06 1.651200000000000045e+03 4.061139520000000000e+08
2.458935463182870299e+06 1.655009999999999991e+03 4.061143680000000000e+08
2.458935463229166809e+06 1.659220000000000027e+03 4.079825280000000000e+08
2.458935463275462855e+06 1.663430000000000064e+03 4.105739200000000000e+08
2.458935463310185354e+06 1.667640000000000100e+03 4.105743360000000000e+08
2.458935463356481399e+06 1.670160000000000082e+03 4.105747520000000000e+08
2.458935463402777910e+06 1.674049999999999955e+03 4.105752320000000000e+08
2.458935463449073955e+06 1.678259999999999991e+03 4.141486400000000000e+08
2.458935463483796455e+06 1.682460000000000036e+03 4.150455360000000000e+08
2.458935463530092500e+06 1.685329999999999927e+03 4.150460160000000000e+08
2.458935463576389011e+06 1.689119999999999891e+03 4.150464960000000000e+08
2.458935463622685056e+06 1.693089999999999918e+03 4.150469120000000000e+08
2.458935463668981567e+06 1.697299999999999955e+03 4.195139840000000000e+08
2.458935463703703601e+06 1.701509999999999991e+03 4.195145600000000000e+08
2.458935463750000112e+06 1.704279999999999973e+03 4.195150720000000000e+08
2.458935463796296157e+06 1.708069999999999936e+03 4.195155520000000000e+08
2.458935463842592668e+06 1.712130000000000109e+03 4.195160000000000000e+08
2.458935463888888713e+06 1.716339999999999918e+03 4.239855360000000000e+08
2.458935463923611213e+06 1.720549999999999955e+03 4.239860160000000000e+08
2.458935463969907258e+06 1.723240000000000009e+03 4.239864320000000000e+08
2.458935464016203769e+06 1.727039999999999964e+03 4.239868480000000000e+08
2.458935464062499814e+06 1.731170000000000073e+03 4.241785280000000000e+08
2.458935464108796325e+06 1.735380000000000109e+03 4.284696000000000000e+08
2.458935464143518358e+06 1.739589999999999918e+03 4.284701440000000000e+08
2.458935464189814869e+06 1.742200000000000045e+03 4.284706560000000000e+08
2.458935464236110914e+06 1.746009999999999991e+03 4.284711040000000000e+08
2.458935464282407425e+06 1.750220000000000027e+03 4.301438720000000000e+08
2.458935464328703936e+06 1.754430000000000064e+03 4.329371840000000000e+08
2.458935464363425970e+06 1.758640000000000100e+03 4.329376960000000000e+08
2.458935464409722015e+06 1.761150000000000091e+03 4.329381120000000000e+08
2.458935464456018526e+06 1.765059999999999945e+03 4.329385600000000000e+08
2.458935464502315037e+06 1.769269999999999982e+03 4.362486080000000000e+08
2.458935464537037071e+06 1.773480000000000018e+03 4.373992640000000000e+08
2.458935464583333116e+06 1.776309999999999945e+03 4.373997440000000000e+08
2.458935464629629627e+06 1.780099999999999909e+03 4.374001280000000000e+08
2.458935464675926138e+06 1.784109999999999900e+03 4.374005760000000000e+08
2.458935464722222183e+06 1.788319999999999936e+03 4.418483840000000000e+08
2.458935464756944217e+06 1.792529999999999973e+03 4.418489920000000000e+08
2.458935464803240728e+06 1.795269999999999982e+03 4.418495040000000000e+08
2.458935464849537238e+06 1.799059999999999945e+03 4.418499520000000000e+08
2.458935464895833284e+06 1.803150000000000091e+03 4.418504320000000000e+08
2.458935464942129795e+06 1.807359999999999900e+03 4.463010880000000000e+08
2.458935464976851828e+06 1.811569999999999936e+03 4.463015680000000000e+08
2.458935465023148339e+06 1.814220000000000027e+03 4.463020480000000000e+08
2.458935465069444384e+06 1.818009999999999991e+03 4.463024640000000000e+08
2.458935465115740895e+06 1.822200000000000045e+03 4.463029440000000000e+08
2.458935465162036940e+06 1.826410000000000082e+03 4.507492480000000000e+08
2.458935465196759440e+06 1.830619999999999891e+03 4.507497280000000000e+08
2.458935465243055485e+06 1.833170000000000073e+03 4.507502080000000000e+08
2.458935465289351996e+06 1.837039999999999964e+03 4.507506560000000000e+08
2.458935465335648041e+06 1.841240000000000009e+03 4.519142080000000000e+08
2.458935465370370541e+06 1.845450000000000045e+03 4.552008640000000000e+08
2.458935465416666586e+06 1.848339999999999918e+03 4.552013760000000000e+08
2.458935465462963097e+06 1.852130000000000109e+03 4.552018560000000000e+08
2.458935465509259142e+06 1.856079999999999927e+03 4.552023040000000000e+08
2.458935465555555653e+06 1.860250000000000000e+03 4.581136640000000000e+08
2.458935465590277687e+06 1.864460000000000036e+03 4.596625600000000000e+08
2.458935465636574198e+06 1.867329999999999927e+03 4.596630720000000000e+08
2.458935465682870243e+06 1.871119999999999891e+03 4.596635200000000000e+08
2.458935465729166754e+06 1.875089999999999918e+03 4.596640000000000000e+08
2.458935465775462799e+06 1.879299999999999955e+03 4.641344320000000000e+08
2.458935465810185298e+06 1.883509999999999991e+03 4.641349760000000000e+08
2.458935465856481344e+06 1.886279999999999973e+03 4.641353920000000000e+08
2.458935465902777854e+06 1.890069999999999936e+03 4.641358080000000000e+08
2.458935465949073900e+06 1.894140000000000100e+03 4.641362240000000000e+08
2.458935465995370410e+06 1.898349999999999909e+03 4.686040960000000000e+08
2.458935466030092444e+06 1.902549999999999955e+03 4.686046400000000000e+08
2.458935466076388955e+06 1.905250000000000000e+03 4.686051200000000000e+08
2.458935466122685000e+06 1.909039999999999964e+03 4.686055680000000000e+08
2.458935466168981511e+06 1.913170000000000073e+03 4.686060160000000000e+08
2.458935466215277556e+06 1.917380000000000109e+03 4.730837760000000000e+08
2.458935466250000056e+06 1.921589999999999918e+03 4.730843200000000000e+08
2.458935466296296101e+06 1.924200000000000045e+03 4.730847680000000000e+08
2.458935466342592612e+06 1.928009999999999991e+03 4.730852160000000000e+08
2.458935466388888657e+06 1.932200000000000045e+03 4.742413760000000000e+08
2.458935466435185168e+06 1.936410000000000082e+03 4.775550720000000000e+08
2.458935466469907202e+06 1.940619999999999891e+03 4.775555840000000000e+08
2.458935466516203713e+06 1.943170000000000073e+03 4.775559680000000000e+08
2.458935466562500224e+06 1.947039999999999964e+03 4.775564480000000000e+08
2.458935466608796269e+06 1.951250000000000000e+03 4.803656640000000000e+08
2.458935466643518303e+06 1.955440000000000055e+03 4.820222400000000000e+08
2.458935466689814813e+06 1.958339999999999918e+03 4.820226560000000000e+08
2.458935466736111324e+06 1.962140000000000100e+03 4.820231680000000000e+08
2.458935466782407369e+06 1.966069999999999936e+03 4.820236160000000000e+08
2.458935466828703880e+06 1.970279999999999973e+03 4.864749760000000000e+08
2.458935466863425914e+06 1.974480000000000018e+03 4.864756160000000000e+08
2.458935466909722425e+06 1.977309999999999945e+03 4.864760640000000000e+08
2.458935466956018470e+06 1.981099999999999909e+03 4.864764480000000000e+08
2.458935467002314981e+06 1.985109999999999900e+03 4.864769280000000000e+08
2.458935467048611026e+06 1.989319999999999936e+03 4.909272000000000000e+08
2.458935467083333526e+06 1.993529999999999973e+03 4.909276800000000000e+08
2.458935467129629571e+06 1.996259999999999991e+03 4.909282560000000000e+08
2.458935467175926082e+06 2.000049999999999955e+03 4.909287680000000000e+08
2.458935467222222127e+06 2.004160000000000082e+03 4.909292160000000000e+08
2.458935467268518638e+06 2.008369999999999891e+03 4.953792960000000000e+08
2.458935467303240672e+06 2.012569999999999936e+03 4.953797760000000000e+08
2.458935467349537183e+06 2.015220000000000027e+03 4.953802880000000000e+08
2.458935467395833228e+06 2.019019999999999982e+03 4.953808000000000000e+08
2.458935467442129739e+06 2.023190000000000055e+03 4.964605440000000000e+08
2.458935467488425784e+06 2.027390000000000100e+03 4.998482880000000000e+08
2.458935467523148283e+06 2.031599999999999909e+03 4.998487040000000000e+08
2.458935467569444329e+06 2.034190000000000055e+03 4.998492160000000000e+08
2.458935467615740839e+06 2.038019999999999982e+03 4.998496320000000000e+08
2.458935467662036885e+06 2.042230000000000018e+03 5.025928320000000000e+08
2.458935467708333395e+06 2.046440000000000055e+03 5.043143360000000000e+08
2.458935467743055429e+06 2.050639999999999873e+03 5.043147840000000000e+08
2.458935467789351940e+06 2.053150000000000091e+03 5.043152640000000000e+08
2.458935467835647985e+06 2.057059999999999945e+03 5.043157120000000000e+08
2.458935467881944496e+06 2.061269999999999982e+03 5.087496960000000000e+08
2.458935467916666530e+06 2.065469999999999800e+03 5.087784320000000000e+08
2.458935467962963041e+06 2.068320000000000164e+03 5.087789120000000000e+08
2.458935468009259086e+06 2.072110000000000127e+03 5.087793600000000000e+08
2.458935468055555597e+06 2.076090000000000146e+03 5.087797760000000000e+08
2.458935468101851642e+06 2.080300000000000182e+03 5.132350080000000000e+08
2.458935468136574142e+06 2.084469999999999800e+03 5.132356160000000000e+08
2.458935468182870187e+06 2.087320000000000164e+03 5.132361280000000000e+08
2.458935468229166698e+06 2.091110000000000127e+03 5.132366080000000000e+08
2.458935468275462743e+06 2.095099999999999909e+03 5.132370560000000000e+08
2.458935468321759254e+06 2.099269999999999982e+03 5.176653440000000000e+08
2.458935468356481288e+06 2.103480000000000018e+03 5.176657920000000000e+08
2.458935468402777798e+06 2.106309999999999945e+03 5.176662720000000000e+08
2.458935468449073844e+06 2.110099999999999909e+03 5.176666880000000000e+08
2.458935468495370355e+06 2.114110000000000127e+03 5.185792000000000000e+08
2.458935468541666865e+06 2.118320000000000164e+03 5.221126080000000000e+08
2.458935468576388899e+06 2.122530000000000200e+03 5.221130560000000000e+08
2.458935468622685410e+06 2.125260000000000218e+03 5.221135360000000000e+08
2.458935468668981455e+06 2.129059999999999945e+03 5.221139200000000000e+08
2.458935468715277966e+06 2.133159999999999854e+03 5.245843520000000000e+08
2.458935468761574011e+06 2.137360000000000127e+03 5.265794240000000000e+08
2.458935468796296511e+06 2.141530000000000200e+03 5.265799040000000000e+08
2.458935468842592556e+06 2.144260000000000218e+03 5.265803520000000000e+08
2.458935468888889067e+06 2.148079999999999927e+03 5.265807360000000000e+08
2.458935468935185112e+06 2.152130000000000109e+03 5.307824000000000000e+08
2.458935468981481623e+06 2.156340000000000146e+03 5.310540800000000000e+08
2.458935469016203657e+06 2.160550000000000182e+03 5.310545920000000000e+08
2.458935469062500168e+06 2.163239999999999782e+03 5.310550400000000000e+08
2.458935469108796213e+06 2.167030000000000200e+03 5.310555200000000000e+08
2.458935469155092724e+06 2.171179999999999836e+03 5.355354880000000000e+08
2.458935469201388769e+06 2.175389999999999873e+03 5.355360000000000000e+08
2.458935469236111268e+06 2.179599999999999909e+03 5.355364800000000000e+08
2.458935469282407314e+06 2.182190000000000055e+03 5.355369280000000000e+08
2.458935469328703824e+06 2.186010000000000218e+03 5.355373440000000000e+08
2.458935469374999870e+06 2.190219999999999800e+03 5.400234240000000000e+08
2.458935469421296380e+06 2.194429999999999836e+03 5.400239360000000000e+08
2.458935469456018414e+06 2.198639999999999873e+03 5.400243840000000000e+08
2.458935469502314925e+06 2.201150000000000091e+03 5.400248320000000000e+08
2.458935469548610970e+06 2.205019999999999982e+03 5.406117760000000000e+08
2.458935469594907481e+06 2.209230000000000018e+03 5.445180800000000000e+08
2.458935469629629515e+06 2.213440000000000055e+03 5.445185920000000000e+08
2.458935469675926026e+06 2.216349999999999909e+03 5.445191040000000000e+08
2.458935469722222071e+06 2.220139999999999873e+03 5.445195520000000000e+08
2.458935469768518582e+06 2.224030000000000200e+03 5.467608960000000000e+08
2.458935469814814627e+06 2.228239999999999782e+03 5.490181120000000000e+08
2.458935469849537127e+06 2.232449999999999818e+03 5.490186240000000000e+08
2.458935469895833172e+06 2.235340000000000146e+03 5.490190720000000000e+08
2.458935469942129683e+06 2.239139999999999873e+03 5.490195840000000000e+08
2.458935469988425728e+06 2.243070000000000164e+03 5.527172480000000000e+08
2.458935470034722239e+06 2.247280000000000200e+03 5.534952960000000000e+08
2.458935470069444273e+06 2.251489999999999782e+03 5.534957440000000000e+08
2.458935470115740784e+06 2.254300000000000182e+03 5.534962560000000000e+08
2.458935470162036829e+06 2.258090000000000146e+03 5.534967680000000000e+08
2.458935470208333340e+06 2.262119999999999891e+03 5.579725440000000000e+08
2.458935470254629850e+06 2.266329999999999927e+03 5.579730560000000000e+08
2.458935470289351884e+06 2.270539999999999964e+03 5.579735040000000000e+08
2.458935470335647929e+06 2.273250000000000000e+03 5.579740160000000000e+08
2.458935470381944440e+06 2.277039999999999964e+03 5.579744640000000000e+08
2.458935470428240951e+06 2.281170000000000073e+03 5.624452480000000000e+08
2.458935470474536996e+06 2.285380000000000109e+03 5.624457600000000000e+08
2.458935470509259030e+06 2.289590000000000146e+03 5.624462080000000000e+08
2.458935470555555541e+06 2.292199999999999818e+03 5.624466560000000000e+08
2.458935470601852052e+06 2.296000000000000000e+03 5.624471680000000000e+08
2.458935470648148097e+06 2.300219999999999800e+03 5.669189760000000000e+08
2.458935470694444608e+06 2.304389999999999873e+03 5.669194240000000000e+08
2.458935470729166642e+06 2.308590000000000146e+03 5.669198720000000000e+08
2.458935470775463153e+06 2.311199999999999818e+03 5.669203200000000000e+08
2.458935470821759198e+06 2.315010000000000218e+03 5.684566400000000000e+08
2.458935470868055709e+06 2.319219999999999800e+03 5.713688960000000000e+08
2.458935470914351754e+06 2.323429999999999836e+03 5.713694080000000000e+08
2.458935470949074253e+06 2.327639999999999873e+03 5.713699200000000000e+08
2.458935470995370299e+06 2.330150000000000091e+03 5.713703680000000000e+08
2.458935471041666809e+06 2.334019999999999982e+03 5.744664320000000000e+08
2.458935471087962855e+06 2.338230000000000018e+03 5.758097920000000000e+08
2.458935471134259365e+06 2.342440000000000055e+03 5.758102400000000000e+08
2.458935471168981399e+06 2.346639999999999873e+03 5.758106880000000000e+08
2.458935471215277910e+06 2.349150000000000091e+03 5.758112000000000000e+08
2.458935471261573955e+06 2.353059999999999945e+03 5.802845440000000000e+08
2.458935471307870466e+06 2.357269999999999982e+03 5.802851200000000000e+08
2.458935471342592500e+06 2.361480000000000018e+03 5.802856320000000000e+08
2.458935471400463022e+06 2.364320000000000164e+03 5.802862080000000000e+08
2.458935471446759067e+06 2.369289999999999964e+03 5.802866560000000000e+08
2.458935471481481567e+06 2.373500000000000000e+03 5.847607680000000000e+08
2.458935471527777612e+06 2.376289999999999964e+03 5.847612800000000000e+08
2.458935471574074123e+06 2.380079999999999927e+03 5.847617280000000000e+08
2.458935471620370168e+06 2.384130000000000109e+03 5.847621120000000000e+08
2.458935471666666679e+06 2.388340000000000146e+03 5.852861440000000000e+08
2.458935471701388713e+06 2.392550000000000182e+03 5.892227840000000000e+08
2.458935471747685224e+06 2.395239999999999782e+03 5.892232960000000000e+08
2.458935471793981269e+06 2.399030000000000200e+03 5.892238080000000000e+08
2.458935471840277780e+06 2.403179999999999836e+03 5.892241920000000000e+08
2.458935471886574291e+06 2.407389999999999873e+03 5.912987520000000000e+08
2.458935471921296325e+06 2.411599999999999909e+03 5.936932480000000000e+08
2.458935471967592370e+06 2.414210000000000036e+03 5.936937600000000000e+08
2.458935472013888881e+06 2.418000000000000000e+03 5.936942720000000000e+08
2.458935472060185391e+06 2.422210000000000036e+03 5.936947200000000000e+08
2.458935472106481437e+06 2.426420000000000073e+03 5.973210880000000000e+08
2.458935472141203936e+06 2.430630000000000109e+03 5.981740160000000000e+08
2.458935472187499981e+06 2.433199999999999818e+03 5.981745280000000000e+08
2.458935472233796492e+06 2.437010000000000218e+03 5.981750400000000000e+08
2.458935472280092537e+06 2.441219999999999800e+03 5.981754240000000000e+08
2.458935472326389048e+06 2.445429999999999836e+03 6.026136960000000000e+08
2.458935472372685093e+06 2.449639999999999873e+03 6.026144000000000000e+08
2.458935472418981604e+06 2.453010000000000218e+03 6.026148480000000000e+08
2.458935472465277649e+06 2.457219999999999800e+03 6.026152960000000000e+08
2.458935472511574160e+06 2.461429999999999836e+03 6.030497280000000000e+08
2.458935472569444217e+06 2.465599999999999909e+03 6.069915520000000000e+08
2.458935472615740728e+06 2.470500000000000000e+03 6.069921280000000000e+08
2.458935472650462762e+06 2.474550000000000182e+03 6.069925760000000000e+08
2.458935472696759272e+06 2.477280000000000200e+03 6.069930240000000000e+08
2.458935472754629795e+06 2.481070000000000164e+03 6.113897600000000000e+08
2.458935472789351828e+06 2.486539999999999964e+03 6.113902720000000000e+08
2.458935472835648339e+06 2.489289999999999964e+03 6.113907840000000000e+08
2.458935472881944384e+06 2.493079999999999927e+03 6.113912320000000000e+08
2.458935472928240895e+06 2.497130000000000109e+03 6.113917440000000000e+08
2.458935472974536940e+06 2.501340000000000146e+03 6.157921280000000000e+08
2.458935473009259440e+06 2.505550000000000182e+03 6.157926400000000000e+08
2.458935473055555485e+06 2.508239999999999782e+03 6.157932160000000000e+08
2.458935473101851996e+06 2.512030000000000200e+03 6.157936640000000000e+08
2.458935473148148041e+06 2.516179999999999836e+03 6.172419200000000000e+08
2.458935473194444552e+06 2.520389999999999873e+03 6.202215040000000000e+08
2.458935473240740597e+06 2.524440000000000055e+03 6.202219520000000000e+08
2.458935473275463097e+06 2.528610000000000127e+03 6.202224000000000000e+08
2.458935473321759142e+06 2.531260000000000218e+03 6.202228480000000000e+08
2.458935473368055653e+06 2.535059999999999945e+03 6.237961600000000000e+08
2.458935473414351698e+06 2.539150000000000091e+03 6.246371200000000000e+08
2.458935473460648209e+06 2.543320000000000164e+03 6.246375680000000000e+08
2.458935473506944254e+06 2.547380000000000109e+03 6.246380160000000000e+08
2.458935473541666754e+06 2.551590000000000146e+03 6.246385280000000000e+08
2.458935473587962799e+06 2.554199999999999818e+03 6.290737920000000000e+08
2.458935473634259310e+06 2.558110000000000127e+03 6.290743040000000000e+08
2.458935473680555355e+06 2.562099999999999909e+03 6.290747520000000000e+08
2.458935473726851866e+06 2.566309999999999945e+03 6.290752000000000000e+08
2.458935473761573900e+06 2.570519999999999982e+03 6.290757760000000000e+08
2.458935473807870410e+06 2.573269999999999982e+03 6.335192960000000000e+08
2.458935473854166456e+06 2.577059999999999945e+03 6.335198720000000000e+08
2.458935473900462966e+06 2.581070000000000164e+03 6.335203200000000000e+08
2.458935473946759477e+06 2.585280000000000200e+03 6.335208320000000000e+08
2.458935473981481511e+06 2.589489999999999782e+03 6.341495040000000000e+08
2.458935474027777556e+06 2.592309999999999945e+03 6.379985280000000000e+08
2.458935474074074067e+06 2.596099999999999909e+03 6.379990400000000000e+08
2.458935474120370578e+06 2.600110000000000127e+03 6.379994880000000000e+08
2.458935474166666623e+06 2.604320000000000164e+03 6.379999360000000000e+08
2.458935474201388657e+06 2.608530000000000200e+03 6.401397760000000000e+08
2.458935474247685168e+06 2.611260000000000218e+03 6.424554240000000000e+08
2.458935474293981679e+06 2.615050000000000182e+03 6.424559360000000000e+08
2.458935474340277724e+06 2.619159999999999854e+03 6.424564480000000000e+08
2.458935474386574235e+06 2.623369999999999891e+03 6.424568960000000000e+08
2.458935474421296269e+06 2.627579999999999927e+03 6.462120320000000000e+08
2.458935474467592780e+06 2.630250000000000000e+03 6.469174400000000000e+08
2.458935474513888825e+06 2.634039999999999964e+03 6.469178880000000000e+08
2.458935474560185336e+06 2.638170000000000073e+03 6.469184640000000000e+08
2.458935474606481381e+06 2.642329999999999927e+03 6.469189120000000000e+08
2.458935474641203880e+06 2.646539999999999964e+03 6.513656320000000000e+08
2.458935474687499925e+06 2.649250000000000000e+03 6.513662720000000000e+08
2.458935474733796436e+06 2.653039999999999964e+03 6.513667200000000000e+08
2.458935474780092482e+06 2.657170000000000073e+03 6.513672960000000000e+08
2.458935474826388992e+06 2.661219999999999800e+03 6.513678080000000000e+08
2.458935474872685038e+06 2.665010000000000218e+03 6.558252800000000000e+08
2.458935474930555560e+06 2.669199999999999818e+03 6.558258560000000000e+08
2.458935474976852071e+06 2.674170000000000073e+03 6.558264320000000000e+08
2.458935475023148116e+06 2.678340000000000146e+03 6.558269440000000000e+08
2.458935475057870150e+06 2.682550000000000182e+03 6.598917120000000000e+08
2.458935475104166660e+06 2.685239999999999782e+03 6.602757760000000000e+08
2.458935475150463171e+06 2.689039999999999964e+03 6.602762880000000000e+08
2.458935475196759216e+06 2.693170000000000073e+03 6.602767360000000000e+08
2.458935475243055727e+06 2.697380000000000109e+03 6.602773120000000000e+08
2.458935475277777761e+06 2.701579999999999927e+03 6.647233920000000000e+08
2.458935475324074272e+06 2.704210000000000036e+03 6.647239680000000000e+08
2.458935475381944329e+06 2.708079999999999927e+03 6.647245440000000000e+08
2.458935475416666828e+06 2.713530000000000200e+03 6.647250560000000000e+08
2.458935475474536885e+06 2.716300000000000182e+03 6.665417600000000000e+08
2.458935475520833395e+06 2.721309999999999945e+03 6.691576320000000000e+08
2.458935475555555429e+06 2.725519999999999982e+03 6.691580800000000000e+08
2.458935475601851940e+06 2.728269999999999982e+03 6.691585920000000000e+08
2.458935475648147985e+06 2.732070000000000164e+03 6.691589760000000000e+08
2.458935475694444496e+06 2.736139999999999873e+03 6.726498560000000000e+08
2.458935475740740541e+06 2.740349999999999909e+03 6.736258560000000000e+08
2.458935475775463041e+06 2.744559999999999945e+03 6.736263040000000000e+08
2.458935475821759086e+06 2.747269999999999982e+03 6.736268800000000000e+08
2.458935475868055597e+06 2.751059999999999945e+03 6.736273280000000000e+08
2.458935475925926119e+06 2.755099999999999909e+03 6.780808960000000000e+08
2.458935475960648153e+06 2.760610000000000127e+03 6.780814080000000000e+08
2.458935476006944664e+06 2.763179999999999836e+03 6.780818560000000000e+08
2.458935476053240709e+06 2.767030000000000200e+03 6.780823040000000000e+08
2.458935476099537220e+06 2.771239999999999782e+03 6.780827520000000000e+08
2.458935476145833265e+06 2.775449999999999818e+03 6.825588480000000000e+08
2.458935476180555765e+06 2.779619999999999891e+03 6.825594240000000000e+08
2.458935476226851810e+06 2.782170000000000073e+03 6.825598720000000000e+08
2.458935476273148321e+06 2.786000000000000000e+03 6.825603840000000000e+08
2.458935476319444366e+06 2.790170000000000073e+03 6.843194240000000000e+08
2.458935476365740877e+06 2.794340000000000146e+03 6.870193920000000000e+08
2.458935476400462911e+06 2.798550000000000182e+03 6.870198400000000000e+08
2.458935476446759421e+06 2.801239999999999782e+03 6.870203520000000000e+08
2.458935476493055467e+06 2.805110000000000127e+03 6.870208640000000000e+08
2.458935476539351977e+06 2.809090000000000146e+03 6.905470720000000000e+08
2.458935476585648023e+06 2.813260000000000218e+03 6.914682240000000000e+08
2.458935476620370522e+06 2.817469999999999800e+03 6.914688000000000000e+08
2.458935476666666567e+06 2.820320000000000164e+03 6.914692480000000000e+08
2.458935476712963078e+06 2.824110000000000127e+03 6.914696960000000000e+08
2.458935476759259123e+06 2.828099999999999909e+03 6.959207680000000000e+08
2.458935476805555634e+06 2.832269999999999982e+03 6.959212800000000000e+08
2.458935476840277668e+06 2.836480000000000018e+03 6.959217280000000000e+08
2.458935476886574179e+06 2.839309999999999945e+03 6.959221760000000000e+08
2.458935476932870224e+06 2.843139999999999873e+03 6.959227520000000000e+08
2.458935476979166735e+06 2.847030000000000200e+03 7.003904640000000000e+08
2.458935477025462780e+06 2.851239999999999782e+03 7.003909760000000000e+08
2.458935477060185280e+06 2.855440000000000055e+03 7.003914880000000000e+08
2.458935477106481325e+06 2.858349999999999909e+03 7.003919360000000000e+08
2.458935477152777836e+06 2.862139999999999873e+03 7.004151040000000000e+08
2.458935477199073881e+06 2.866070000000000164e+03 7.048547200000000000e+08
2.458935477245370392e+06 2.870190000000000055e+03 7.048552320000000000e+08
2.458935477291666437e+06 2.874300000000000182e+03 7.048557440000000000e+08
2.458935477326388936e+06 2.878510000000000218e+03 7.048562560000000000e+08
2.458935477372684982e+06 2.881280000000000200e+03 7.068803200000000000e+08
2.458935477418981493e+06 2.885070000000000164e+03 7.093026560000000000e+08
2.458935477465278003e+06 2.889139999999999873e+03 7.093031680000000000e+08
2.458935477511574049e+06 2.893349999999999909e+03 7.093036160000000000e+08
2.458935477546296082e+06 2.897559999999999945e+03 7.093041920000000000e+08
2.458935477592592593e+06 2.900230000000000018e+03 7.128613760000000000e+08
2.458935477638889104e+06 2.904019999999999982e+03 7.137518720000000000e+08
2.458935477685185149e+06 2.908150000000000091e+03 7.137523200000000000e+08
2.458935477731481660e+06 2.912360000000000127e+03 7.137528320000000000e+08
2.458935477766203694e+06 2.916570000000000164e+03 7.137533440000000000e+08
2.458935477812500205e+06 2.919219999999999800e+03 7.181989760000000000e+08
2.458935477858796250e+06 2.923090000000000146e+03 7.181994880000000000e+08
2.458935477905092761e+06 2.927079999999999927e+03 7.181999360000000000e+08
2.458935477951388806e+06 2.931280000000000200e+03 7.182003840000000000e+08
2.458935477997685317e+06 2.935460000000000036e+03 7.182008960000000000e+08
2.458935478032407351e+06 2.939619999999999891e+03 7.226444160000000000e+08
2.458935478078703862e+06 2.942179999999999836e+03 7.226448000000000000e+08
2.458935478124999907e+06 2.946030000000000200e+03 7.226453120000000000e+08
2.458935478171296418e+06 2.950230000000000018e+03 7.226457600000000000e+08
2.458935478217592463e+06 2.954400000000000091e+03 7.232085120000000000e+08
2.458935478252314962e+06 2.958570000000000164e+03 7.270828160000000000e+08
2.458935478298611008e+06 2.961260000000000218e+03 7.270833280000000000e+08
2.458935478344907518e+06 2.965050000000000182e+03 7.270837760000000000e+08
2.458935478391203564e+06 2.969119999999999891e+03 7.270842880000000000e+08
2.458935478437500075e+06 2.973329999999999927e+03 7.293831680000000000e+08
2.458935478472222108e+06 2.977539999999999964e+03 7.315315200000000000e+08
2.458935478518518619e+06 2.980280000000000200e+03 7.315320960000000000e+08
2.458935478564814664e+06 2.984090000000000146e+03 7.315325440000000000e+08
2.458935478611111175e+06 2.988110000000000127e+03 7.315330560000000000e+08
2.458935478657407220e+06 2.992320000000000164e+03 7.356247680000000000e+08
2.458935478692129720e+06 2.996530000000000200e+03 7.359836160000000000e+08
2.458935478738425765e+06 2.999260000000000218e+03 7.359841280000000000e+08
2.458935478784722276e+06 3.003050000000000182e+03 7.359846400000000000e+08
2.458935478831018321e+06 3.007159999999999854e+03 7.359852160000000000e+08
2.458935478877314832e+06 3.011369999999999891e+03 7.404437760000000000e+08
2.458935478912036866e+06 3.015579999999999927e+03 7.404442880000000000e+08
2.458935478958333377e+06 3.018210000000000036e+03 7.404448000000000000e+08
2.458935479004629422e+06 3.022000000000000000e+03 7.404453120000000000e+08
2.458935479050925933e+06 3.026210000000000036e+03 7.404457600000000000e+08
2.458935479097222444e+06 3.030420000000000073e+03 7.448952320000000000e+08
2.458935479131944478e+06 3.034619999999999891e+03 7.448957440000000000e+08
2.458935479178240523e+06 3.037170000000000073e+03 7.448963200000000000e+08
2.458935479224537034e+06 3.041039999999999964e+03 7.448967680000000000e+08
2.458935479270833544e+06 3.045239999999999782e+03 7.456137600000000000e+08
2.458935479317129590e+06 3.049429999999999836e+03 7.493456640000000000e+08
2.458935479351851624e+06 3.053639999999999873e+03 7.493461760000000000e+08
2.458935479398148134e+06 3.056150000000000091e+03 7.493466240000000000e+08
2.458935479444444645e+06 3.060059999999999945e+03 7.493471360000000000e+08
2.458935479490740690e+06 3.064269999999999982e+03 7.516643200000000000e+08
2.458935479525463190e+06 3.068469999999999800e+03 7.537854720000000000e+08
2.458935479571759235e+06 3.071320000000000164e+03 7.537859840000000000e+08
2.458935479618055746e+06 3.075110000000000127e+03 7.537864320000000000e+08
2.458935479664351791e+06 3.079099999999999909e+03 7.537869440000000000e+08
2.458935479710648302e+06 3.083309999999999945e+03 7.577790720000000000e+08
2.458935479745370336e+06 3.087510000000000218e+03 7.582304640000000000e+08
2.458935479791666847e+06 3.090280000000000200e+03 7.582309760000000000e+08
2.458935479837962892e+06 3.094070000000000164e+03 7.582314880000000000e+08
2.458935479884259403e+06 3.098139999999999873e+03 7.582319360000000000e+08
2.458935479930555448e+06 3.102340000000000146e+03 7.626735360000000000e+08
2.458935479965277947e+06 3.106550000000000182e+03 7.626741120000000000e+08
2.458935480011573993e+06 3.109239999999999782e+03 7.626746240000000000e+08
2.458935480057870504e+06 3.113030000000000200e+03 7.626750720000000000e+08
2.458935480104166549e+06 3.117179999999999836e+03 7.626755840000000000e+08
2.458935480150463060e+06 3.121389999999999873e+03 7.671088640000000000e+08
2.458935480185185093e+06 3.125599999999999909e+03 7.671092480000000000e+08
2.458935480231481604e+06 3.128190000000000055e+03 7.671097600000000000e+08
2.458935480277777649e+06 3.132019999999999982e+03 7.671102720000000000e+08
2.458935480324074160e+06 3.136219999999999800e+03 7.675722880000000000e+08
2.458935480370370205e+06 3.140429999999999836e+03 7.715740800000000000e+08
2.458935480405092705e+06 3.144639999999999873e+03 7.715745920000000000e+08
2.458935480451388750e+06 3.147150000000000091e+03 7.715751040000000000e+08
2.458935480497685261e+06 3.151059999999999945e+03 7.715756800000000000e+08
2.458935480543981306e+06 3.155269999999999982e+03 7.736826880000000000e+08
2.458935480578703806e+06 3.159469999999999800e+03 7.760967680000000000e+08
2.458935480624999851e+06 3.162329999999999927e+03 7.760972800000000000e+08
2.458935480671296362e+06 3.166119999999999891e+03 7.760977920000000000e+08
2.458935480717592407e+06 3.170090000000000146e+03 7.760983040000000000e+08
2.458935480763888918e+06 3.174300000000000182e+03 7.797113600000000000e+08
2.458935480798610952e+06 3.178510000000000218e+03 7.805940480000000000e+08
2.458935480844907463e+06 3.181280000000000200e+03 7.805945600000000000e+08
2.458935480891203508e+06 3.185070000000000164e+03 7.805950080000000000e+08
2.458935480937500019e+06 3.189139999999999873e+03 7.805955200000000000e+08
2.458935480983796064e+06 3.193349999999999909e+03 7.850741120000000000e+08
2.458935481018518563e+06 3.197559999999999945e+03 7.850746880000000000e+08
2.458935481064814609e+06 3.200230000000000018e+03 7.850751360000000000e+08
2.458935481111111119e+06 3.204019999999999982e+03 7.850755840000000000e+08
2.458935481157407630e+06 3.208190000000000055e+03 7.850760320000000000e+08
2.458935481203703675e+06 3.212400000000000091e+03 7.895394560000000000e+08
2.458935481238425709e+06 3.216599999999999909e+03 7.895400320000000000e+08
2.458935481284722220e+06 3.219190000000000055e+03 7.895405440000000000e+08
2.458935481331018731e+06 3.223019999999999982e+03 7.895411200000000000e+08
2.458935481377314776e+06 3.227230000000000018e+03 7.895416320000000000e+08
2.458935481412036810e+06 3.231440000000000055e+03 7.940081920000000000e+08
2.458935481458333321e+06 3.234349999999999909e+03 7.940087680000000000e+08
2.458935481504629832e+06 3.238139999999999873e+03 7.940092800000000000e+08
2.458935481550925877e+06 3.242070000000000164e+03 7.940097280000000000e+08
2.458935481597222388e+06 3.246280000000000200e+03 7.951578240000000000e+08
2.458935481631944422e+06 3.250489999999999782e+03 7.984549120000000000e+08
2.458935481678240933e+06 3.253300000000000182e+03 7.984554240000000000e+08
2.458935481724536978e+06 3.257090000000000146e+03 7.984559360000000000e+08
2.458935481770833489e+06 3.261119999999999891e+03 7.984564480000000000e+08
2.458935481817129534e+06 3.265320000000000164e+03 8.010940800000000000e+08
2.458935481851852033e+06 3.269539999999999964e+03 8.029013120000000000e+08
2.458935481898148078e+06 3.272250000000000000e+03 8.029018240000000000e+08
2.458935481944444589e+06 3.276050000000000182e+03 8.029022720000000000e+08
2.458935481990740635e+06 3.280159999999999854e+03 8.029027840000000000e+08
2.458935482037037145e+06 3.284369999999999891e+03 8.069549440000000000e+08
2.458935482071759179e+06 3.288579999999999927e+03 8.073259520000000000e+08
2.458935482118055690e+06 3.291210000000000036e+03 8.073264640000000000e+08
2.458935482164351735e+06 3.295000000000000000e+03 8.073269760000000000e+08
2.458935482210648246e+06 3.299210000000000036e+03 8.073274880000000000e+08
2.458935482256944291e+06 3.303420000000000073e+03 8.117340160000000000e+08
2.458935482291666791e+06 3.307630000000000109e+03 8.117345280000000000e+08
2.458935482337962836e+06 3.310159999999999854e+03 8.117350400000000000e+08
2.458935482384259347e+06 3.314050000000000182e+03 8.117355520000000000e+08
2.458935482430555392e+06 3.318260000000000218e+03 8.117360640000000000e+08
2.458935482465277892e+06 3.322469999999999800e+03 8.161532160000000000e+08
2.458935482511573937e+06 3.325320000000000164e+03 8.161537920000000000e+08
2.458935482557870448e+06 3.329119999999999891e+03 8.161542400000000000e+08
2.458935482604166493e+06 3.333090000000000146e+03 8.161547520000000000e+08
2.458935482650463004e+06 3.337300000000000182e+03 8.163525120000000000e+08
2.458935482685185038e+06 3.341510000000000218e+03 8.205777920000000000e+08
2.458935482731481548e+06 3.344280000000000200e+03 8.205783040000000000e+08
2.458935482777777594e+06 3.348070000000000164e+03 8.205787520000000000e+08
2.458935482824074104e+06 3.352139999999999873e+03 8.205792000000000000e+08
2.458935482870370150e+06 3.356349999999999909e+03 8.224417280000000000e+08
2.458935482905092649e+06 3.360559999999999945e+03 8.250149120000000000e+08
2.458935482951388694e+06 3.363230000000000018e+03 8.250154240000000000e+08
2.458935482997685205e+06 3.367019999999999982e+03 8.250158720000000000e+08
2.458935483043981250e+06 3.371190000000000055e+03 8.250163840000000000e+08
2.458935483090277761e+06 3.375400000000000091e+03 8.289198720000000000e+08
2.458935483136574272e+06 3.379440000000000055e+03 8.294615040000000000e+08
2.458935483171296306e+06 3.382349999999999909e+03 8.294620800000000000e+08
2.458935483217592817e+06 3.386150000000000091e+03 8.294625280000000000e+08
2.458935483263888862e+06 3.390059999999999945e+03 8.294630400000000000e+08
2.458935483310185373e+06 3.394269999999999982e+03 8.339106560000000000e+08
2.458935483344907407e+06 3.398480000000000018e+03 8.339112960000000000e+08
2.458935483391203918e+06 3.401309999999999945e+03 8.339117440000000000e+08
2.458935483437499963e+06 3.405099999999999909e+03 8.339121920000000000e+08
2.458935483483796474e+06 3.409110000000000127e+03 8.339127040000000000e+08
2.458935483530092519e+06 3.413320000000000164e+03 8.383642240000000000e+08
2.458935483564815018e+06 3.417519999999999982e+03 8.383648000000000000e+08
2.458935483611111064e+06 3.420269999999999982e+03 8.383653120000000000e+08
2.458935483657407574e+06 3.424059999999999945e+03 8.383658240000000000e+08
2.458935483703703620e+06 3.428150000000000091e+03 8.388172800000000000e+08
2.458935483750000130e+06 3.432360000000000127e+03 8.428265600000000000e+08
2.458935483784722164e+06 3.436570000000000164e+03 8.428270720000000000e+08
2.458935483831018675e+06 3.439230000000000018e+03 8.428275840000000000e+08
2.458935483877314720e+06 3.443010000000000218e+03 8.428280960000000000e+08
2.458935483923611231e+06 3.447190000000000055e+03 8.448933760000000000e+08
2.458935483969907276e+06 3.451389999999999873e+03 8.472834560000000000e+08
2.458935484004629776e+06 3.455599999999999909e+03 8.472839040000000000e+08
2.458935484050925821e+06 3.458190000000000055e+03 8.472844160000000000e+08
2.458935484097222332e+06 3.462019999999999982e+03 8.472848640000000000e+08
2.458935484143518377e+06 3.466230000000000018e+03 8.509498880000000000e+08
2.458935484178240877e+06 3.470440000000000055e+03 8.517264640000000000e+08
2.458935484224536922e+06 3.473349999999999909e+03 8.517269120000000000e+08
2.458935484270833433e+06 3.477139999999999873e+03 8.517274240000000000e+08
2.458935484317129478e+06 3.481070000000000164e+03 8.517279360000000000e+08
2.458935484363425989e+06 3.485280000000000200e+03 8.561882880000000000e+08
2.458935484398148023e+06 3.489489999999999782e+03 8.561888000000000000e+08
2.458935484444444533e+06 3.492300000000000182e+03 8.561893760000000000e+08
2.458935484490740579e+06 3.496090000000000146e+03 8.561898240000000000e+08
2.458935484537037089e+06 3.500119999999999891e+03 8.561903360000000000e+08
2.458935484583333135e+06 3.504320000000000164e+03 8.606572800000000000e+08
2.458935484618055634e+06 3.508530000000000200e+03 8.606578560000000000e+08
2.458935484664351679e+06 3.511260000000000218e+03 8.606583040000000000e+08
2.458935484710648190e+06 3.515050000000000182e+03 8.606587520000000000e+08
2.458935484756944235e+06 3.519159999999999854e+03 8.607419520000000000e+08
2.458935484803240746e+06 3.523369999999999891e+03 8.651212800000000000e+08
2.458935484837962780e+06 3.527559999999999945e+03 8.651218560000000000e+08
2.458935484884259291e+06 3.530230000000000018e+03 8.651223680000000000e+08
2.458935484930555336e+06 3.534019999999999982e+03 8.651228800000000000e+08
2.458935484976851847e+06 3.538190000000000055e+03 8.669048320000000000e+08
2.458935485023148358e+06 3.542400000000000091e+03 8.695746560000000000e+08
2.458935485057870392e+06 3.546610000000000127e+03 8.695751040000000000e+08
2.458935485104166437e+06 3.549179999999999836e+03 8.695755520000000000e+08
2.458935485150462948e+06 3.553030000000000200e+03 8.695760000000000000e+08
2.458935485196759459e+06 3.557239999999999782e+03 8.730602240000000000e+08
2.458935485243055504e+06 3.561440000000000055e+03 8.740554880000000000e+08
2.458935485277778003e+06 3.565639999999999873e+03 8.740560000000000000e+08
2.458935485324074049e+06 3.568150000000000091e+03 8.740565120000000000e+08
2.458935485370370559e+06 3.572059999999999945e+03 8.740569600000000000e+08
2.458935485416666605e+06 3.576269999999999982e+03 8.785254400000000000e+08
2.458935485451389104e+06 3.580480000000000018e+03 8.785260160000000000e+08
2.458935485497685149e+06 3.583309999999999945e+03 8.785264000000000000e+08
2.458935485543981660e+06 3.587099999999999909e+03 8.785269120000000000e+08
2.458935485590277705e+06 3.591110000000000127e+03 8.785274240000000000e+08
2.458935485636574216e+06 3.595320000000000164e+03 8.829818880000000000e+08
2.458935485671296250e+06 3.599530000000000200e+03 8.829824000000000000e+08
2.458935485717592761e+06 3.602260000000000218e+03 8.829828480000000000e+08
2.458935485763888806e+06 3.606050000000000182e+03 8.829832960000000000e+08
2.458935485810185317e+06 3.610159999999999854e+03 8.829838080000000000e+08
2.458935485856481362e+06 3.614360000000000127e+03 8.874336640000000000e+08
2.458935485891203862e+06 3.618570000000000164e+03 8.874342400000000000e+08
2.458935485937499907e+06 3.621219999999999800e+03 8.874347520000000000e+08
2.458935485983796418e+06 3.625010000000000218e+03 8.874352000000000000e+08
2.458935486030092463e+06 3.629199999999999818e+03 8.890835840000000000e+08
2.458935486076388974e+06 3.633400000000000091e+03 8.919133440000000000e+08
2.458935486111111008e+06 3.637610000000000127e+03 8.919138560000000000e+08
2.458935486157407518e+06 3.640179999999999836e+03 8.919143680000000000e+08
2.458935486203703564e+06 3.644030000000000200e+03 8.919148800000000000e+08
2.458935486250000075e+06 3.648239999999999782e+03 8.952079360000000000e+08
2.458935486296296120e+06 3.652449999999999818e+03 8.963962240000000000e+08
2.458935486331018619e+06 3.656500000000000000e+03 8.963967360000000000e+08
2.458935486377314664e+06 3.659289999999999964e+03 8.963971200000000000e+08
2.458935486423611175e+06 3.663079999999999927e+03 8.963975680000000000e+08
2.458935486469907220e+06 3.667130000000000109e+03 9.008883840000000000e+08
2.458935486516203731e+06 3.671340000000000146e+03 9.008889600000000000e+08
2.458935486550925765e+06 3.675539999999999964e+03 9.008894080000000000e+08
2.458935486597222276e+06 3.678250000000000000e+03 9.008899840000000000e+08
2.458935486643518321e+06 3.682039999999999964e+03 9.008904320000000000e+08
2.458935486689814832e+06 3.686170000000000073e+03 9.053665280000000000e+08
2.458935486736111343e+06 3.690380000000000109e+03 9.053671040000000000e+08
2.458935486770833377e+06 3.694590000000000146e+03 9.053676160000000000e+08
2.458935486817129422e+06 3.697199999999999818e+03 9.053681280000000000e+08
2.458935486863425933e+06 3.701010000000000218e+03 9.054272640000000000e+08
2.458935486909722444e+06 3.705219999999999800e+03 9.098263040000000000e+08
2.458935486956018489e+06 3.709429999999999836e+03 9.098268160000000000e+08
2.458935486990740523e+06 3.713639999999999873e+03 9.098273280000000000e+08
2.458935487037037034e+06 3.716150000000000091e+03 9.098278400000000000e+08
2.458935487083333544e+06 3.720059999999999945e+03 9.115360640000000000e+08
2.458935487129629590e+06 3.724260000000000218e+03 9.142703360000000000e+08
2.458935487164351624e+06 3.728469999999999800e+03 9.142708480000000000e+08
2.458935487210648134e+06 3.731320000000000164e+03 9.142713600000000000e+08
2.458935487256944645e+06 3.735119999999999891e+03 9.142718720000000000e+08
2.458935487303240690e+06 3.739090000000000146e+03 9.176563200000000000e+08
2.458935487349537201e+06 3.743269999999999982e+03 9.187251840000000000e+08
2.458935487384259235e+06 3.747480000000000018e+03 9.187256960000000000e+08
2.458935487430555746e+06 3.750309999999999945e+03 9.187261440000000000e+08
2.458935487476851791e+06 3.754099999999999909e+03 9.187266560000000000e+08
2.458935487523148302e+06 3.758110000000000127e+03 9.231860480000000000e+08
2.458935487569444347e+06 3.762320000000000164e+03 9.231866240000000000e+08
2.458935487604166847e+06 3.766530000000000200e+03 9.231872000000000000e+08
2.458935487650462892e+06 3.769260000000000218e+03 9.231875840000000000e+08
2.458935487696759403e+06 3.773050000000000182e+03 9.231880960000000000e+08
2.458935487743055448e+06 3.777159999999999854e+03 9.276366080000000000e+08
2.458935487789351959e+06 3.781360000000000127e+03 9.276371840000000000e+08
2.458935487824073993e+06 3.785570000000000164e+03 9.276375680000000000e+08
2.458935487870370504e+06 3.788219999999999800e+03 9.276380800000000000e+08
2.458935487916666549e+06 3.792010000000000218e+03 9.276385280000000000e+08
2.458935487962963060e+06 3.796199999999999818e+03 9.320907520000000000e+08
2.458935488009259105e+06 3.800409999999999854e+03 9.320912640000000000e+08
2.458935488043981604e+06 3.804619999999999891e+03 9.320917760000000000e+08
2.458935488090277649e+06 3.807170000000000073e+03 9.320922240000000000e+08
2.458935488136574160e+06 3.811039999999999964e+03 9.335862400000000000e+08
2.458935488182870205e+06 3.815250000000000000e+03 9.365326080000000000e+08
2.458935488217592705e+06 3.819460000000000036e+03 9.365331200000000000e+08
2.458935488263888750e+06 3.822329999999999927e+03 9.365335680000000000e+08
2.458935488310185261e+06 3.826119999999999891e+03 9.365340800000000000e+08
2.458935488356481306e+06 3.830090000000000146e+03 9.396133120000000000e+08
2.458935488402777817e+06 3.834300000000000182e+03 9.409648000000000000e+08
2.458935488437499851e+06 3.838510000000000218e+03 9.409653760000000000e+08
2.458935488483796362e+06 3.841280000000000200e+03 9.409658880000000000e+08
2.458935488530092407e+06 3.845070000000000164e+03 9.409663360000000000e+08
2.458935488576388918e+06 3.849130000000000109e+03 9.454012800000000000e+08
2.458935488622684963e+06 3.853289999999999964e+03 9.454017920000000000e+08
2.458935488657407463e+06 3.857500000000000000e+03 9.454023040000000000e+08
2.458935488703703508e+06 3.860289999999999964e+03 9.454028160000000000e+08
2.458935488750000019e+06 3.864079999999999927e+03 9.454033280000000000e+08
2.458935488796296064e+06 3.868130000000000109e+03 9.498468480000000000e+08
2.458935488842592575e+06 3.872329999999999927e+03 9.498474240000000000e+08
2.458935488877314609e+06 3.876539999999999964e+03 9.498478720000000000e+08
2.458935488923611119e+06 3.879250000000000000e+03 9.498484480000000000e+08
2.458935488969907630e+06 3.883039999999999964e+03 9.498489600000000000e+08
2.458935489016203675e+06 3.887170000000000073e+03 9.542965120000000000e+08
2.458935489062500186e+06 3.891380000000000109e+03 9.542970240000000000e+08
2.458935489097222220e+06 3.895590000000000146e+03 9.542975360000000000e+08
2.458935489143518731e+06 3.898210000000000036e+03 9.542979840000000000e+08
2.458935489189814776e+06 3.902000000000000000e+03 9.557396480000000000e+08
2.458935489236111287e+06 3.906170000000000073e+03 9.587541120000000000e+08
2.458935489282407332e+06 3.910380000000000109e+03 9.587545600000000000e+08
2.458935489317129832e+06 3.914579999999999927e+03 9.587550080000000000e+08
2.458935489363425877e+06 3.917210000000000036e+03 9.587555200000000000e+08
2.458935489409722388e+06 3.921119999999999891e+03 9.620586240000000000e+08
2.458935489456018433e+06 3.925090000000000146e+03 9.632162560000000000e+08
2.458935489502314944e+06 3.929300000000000182e+03 9.632168320000000000e+08
2.458935489537036978e+06 3.933510000000000218e+03 9.632172800000000000e+08
2.458935489583333489e+06 3.936280000000000200e+03 9.632177280000000000e+08
2.458935489629629534e+06 3.940070000000000164e+03 9.676843520000000000e+08
2.458935489675926045e+06 3.944099999999999909e+03 9.676848640000000000e+08
2.458935489722222090e+06 3.948309999999999945e+03 9.676853120000000000e+08
2.458935489756944589e+06 3.952519999999999982e+03 9.676858240000000000e+08
2.458935489803240635e+06 3.955269999999999982e+03 9.676863360000000000e+08
2.458935489849537145e+06 3.959110000000000127e+03 9.721755520000000000e+08
2.458935489895833191e+06 3.963099999999999909e+03 9.721760640000000000e+08
2.458935489942129701e+06 3.967309999999999945e+03 9.721765120000000000e+08
2.458935489976851735e+06 3.971519999999999982e+03 9.721770240000000000e+08
2.458935490023148246e+06 3.974309999999999945e+03 9.721774720000000000e+08
2.458935490069444291e+06 3.978099999999999909e+03 9.766712960000000000e+08
2.458935490115740802e+06 3.982110000000000127e+03 9.766718080000000000e+08
2.458935490162036847e+06 3.986320000000000164e+03 9.766723200000000000e+08
2.458935490196759347e+06 3.990530000000000200e+03 9.766728960000000000e+08
2.458935490243055392e+06 3.993300000000000182e+03 9.781015040000000000e+08
2.458935490289351903e+06 3.997090000000000146e+03 9.811513600000000000e+08
2.458935490335647948e+06 4.001119999999999891e+03 9.811518080000000000e+08
2.458935490381944459e+06 4.005329999999999927e+03 9.811523200000000000e+08
2.458935490416666493e+06 4.009530000000000200e+03 9.811528960000000000e+08
2.458935490462963004e+06 4.012250000000000000e+03 9.842302080000000000e+08
2.458935490509259049e+06 4.016079999999999927e+03 9.856107520000000000e+08
2.458935490555555560e+06 4.020079999999999927e+03 9.856112640000000000e+08
2.458935490601852071e+06 4.024289999999999964e+03 9.856117760000000000e+08
2.458935490636574104e+06 4.028500000000000000e+03 9.856122880000000000e+08
2.458935490682870150e+06 4.031329999999999927e+03 9.900764800000000000e+08
2.458935490729166660e+06 4.035119999999999891e+03 9.900769920000000000e+08
2.458935490775463171e+06 4.039079999999999927e+03 9.900774400000000000e+08
2.458935490821759216e+06 4.043289999999999964e+03 9.900779520000000000e+08
2.458935490856481250e+06 4.047500000000000000e+03 9.900784000000000000e+08
2.458935490902777761e+06 4.050289999999999964e+03 9.945686400000000000e+08
2.458935490949074272e+06 4.054079999999999927e+03 9.945692160000000000e+08
2.458935490995370317e+06 4.058090000000000146e+03 9.945697920000000000e+08
2.458935491041666828e+06 4.062300000000000182e+03 9.945703040000000000e+08
2.458935491076388862e+06 4.066469999999999800e+03 9.945707520000000000e+08
2.458935491122685373e+06 4.069320000000000164e+03 9.990588160000000000e+08
